27
19
6
89
36
45
71
33
240
7
22
51
56
26
16
20
47
28
43
166
12
3
71
1
36
82
17
4
19
54
2
55
34
32
10
1
16
146
22
29
1
1
1
2
1
7
34
68
30
10
33
2
1
58
125
8
1
1
338
96
60
2
52
4
114
1
11
1
30
19
41
131
34
9
1
1
71
5
12
24
1
42
1
1
9
117
44
75
72
144
1
83
1
31
5
6
19
181
159
59
21
26
33
70
61
15
24
1
62
48
29
16
89
100
14
59
13
32
57
1
3
1
1
4
67
19
1
1
18
3
11
2
10
73
29
7
93
49
7
47
84
55
80
125
85
144
66
65
1
93
65
10
30
131
173
91
126
1
49
6
14
3
48
8
21
6
61
91
80
11
71
32
15
1
11
27
63
55
21
5
15
4
6
118
56
21
3
13
89
1
18
18
32
29
34
11
1
14
1
8
2
38
3
11
23
9
1
124
8
16
11
1
11
9
36
91
33
1
81
26
59
3
1
262
28
8
71
1
31
202
1
10
13
27
1
3
1
40
2
153
10
1
78
75
97
33
46
108
50
1
139
16
39
1
103
29
93
15
81
138
46
17
220
1
111
4
143
114
30
37
1
14
1
7
5
1
1
17
82
25
6
1
2
15
3
44
35
14
40
50
93
85
8
71
1
65
4
50
59
1
4
141
28
72
11
76
1
18
2
24
67
48
105
13
8
17
73
36
106
225
1
22
11
28
67
75
27
1
33
111
47
2
5
30
7
25
140
10
89
7
55
28
26
199
1
20
29
12
22
1
104
88
1
205
103
63
1
4
3
131
118
20
81
22
20
74
1
12
1
25
24
23
76
1
8
1
3
2
2
20
1
1
67
66
43
20
1
87
1
5
39
94
28
6
58
38
2
3
1
106
76
3
19
27
59
51
10
1
70
13
6
1
37
96
4
8
218
1
1
13
1
20
2
4
126
54
1
26
17
1
1
46
1
1
1
35
1
1
142
34
2
13
6
57
1
104
75
124
26
176
29
82
66
77
56
1
90
22
8
59
1
70
188
29
81
22
28
95
147
4
8
8
2
57
1
1
60
131
1
21
1
139
79
60
86
115
1
144
1
66
1
1
68
3
8
1
31
61
1
99
14
1
7
50
103
42
1
86
13
46
8
38
116
63
20
1
33
148
1
1
26
59
15
27
80
30
8
1
11
14
2
74
62
3
85
60
6
1
11
13
103
9
1
32
21
143
38
28
27
21
8
26
1
18
9
37
77
3
74
2
1
7
1
20
7
1
63
94
7
2
18
27
18
107
9
48
52
104
8
9
92
16
7
13
27
1
13
19
28
8
27
3
19
2
4
5
32
75
74
53
6
77
118
57
14
2
61
67
37
2
9
53
24
39
12
30
31
18
1
1
29
16
1
143
136
14
46
61
10
57
8
10
19
1
19
1
15
27
122
77
8
13
11
84
3
69
4
64
1
3
13
1
1
30
1
6
1
4
1
2
33
5
19
34
16
24
1
15
1
17
16
14
1
33
1
4
154
11
132
10
15
14
19
91
39
36
3
26
3
1
1
116
61
67
124
35
68
13
97
63
42
75
17
56
31
1
45
17
1
209
105
79
3
16
1
29
5
1
23
26
9
58
97
9
13
6
100
1
6
21
1
1
25
36
1
34
6
10
3
5
2
4
1
66
9
62
18
32
22
16
25
15
164
113
2
47
127
1
19
55
4
16
11
3
55
2
17
5
30
149
10
4
36
176
82
2
19
18
35
12
98
34
52
25
9
8
15
1
1
26
8
1
1
163
20
7
78
1
50
61
36
9
28
26
106
24
12
1
1
87
74
18
253
10
45
121
91
12
29
196
14
1
114
49
8
175
19
105
10
24
1
1
149
1
29
86
60
31
12
175
75
18
157
5
12
6
9
1
134
1
134
12
1
3
63
12
33
1
9
9
67
2
1
28
8
30
42
48
14
5
33
1
17
33
18
1
1
1
171
10
16
6
8
1
14
72
185
172
2
113
41
18
1
13
1
1
10
14
2
22
132
30
25
55
1
1
31
1
8
3
18
102
1
4
11
2
18
11
70
54
18
81
1
119
17
57
1
56
43
13
6
2
47
91
2
34
109
51
1
117
77
1
3
114
44
9
65
6
1
3
1
29
65
30
57
23
79
76
4
5
15
30
22
163
10
25
80
62
43
7
26
2
12
29
1
6
70
84
80
40
148
49
5
71
20
1
7
32
25
104
23
9
4
3
1
6
57
14
18
75
