24
1
17
57
13
13
18
1
98
21
1
33
1
13
1
73
50
35
31
45
82
41
84
1
114
65
1
11
65
7
9
14
32
1
22
57
36
153
5
12
22
34
32
150
2
1
1
27
35
22
17
41
36
1
3
7
1
1
13
7
1
13
11
31
77
54
26
18
2
111
39
25
10
91
10
117
6
1
92
13
19
10
1
14
4
15
16
1
1
159
31
17
3
117
6
45
152
46
7
2
1
57
8
6
1
28
4
41
1
22
207
162
6
51
26
10
9
96
5
89
9
17
77
10
108
2
1
143
2
166
1
147
2
23
66
91
1
75
1
33
107
5
34
14
1
1
43
95
1
108
79
1
2
27
15
238
128
2
1
144
62
6
14
122
12
1
1
27
91
38
135
1
1
23
23
5
24
1
10
45
77
8
2
1
22
71
3
35
50
223
5
11
9
50
1
129
52
2
1
1
41
14
104
1
13
18
92
1
12
4
2
12
1
137
131
13
3
162
1
2
2
32
1
1
38
17
133
102
41
142
14
6
31
10
12
6
29
3
12
27
25
56
228
1
71
175
64
1
44
48
16
1
15
2
12
21
17
1
1
2
7
44
47
42
1
92
1
1
1
74
1
22
16
15
56
13
19
41
1
8
38
1
23
1
18
1
49
1
86
208
38
1
37
1
1
46
87
210
149
59
107
15
1
20
78
46
93
44
1
74
76
12
1
5
22
1
12
6
150
38
209
55
19
10
52
76
5
13
3
50
17
14
43
38
109
11
56
131
20
7
8
24
96
40
23
37
82
5
1
65
2
9
211
234
72
30
3
81
2
2
15
6
18
66
90
52
52
1
6
213
5
32
14
85
11
42
11
118
55
5
219
65
16
62
28
11
37
94
11
2
8
41
8
38
38
4
12
1
28
44
1
7
1
33
80
141
23
1
1
12
132
92
45
157
63
66
89
62
1
1
4
30
96
74
16
104
8
23
1
12
5
1
12
270
60
1
3
73
21
65
59
70
233
46
3
115
7
45
31
159
37
142
3
131
4
1
67
27
15
18
24
15
11
1
32
33
9
5
2
6
145
50
2
36
7
6
41
2
125
26
49
71
40
7
1
51
27
2
21
1
80
96
5
14
105
19
18
3
124
26
119
1
16
67
49
10
30
49
7
165
1
21
3
19
43
1
3
66
8
3
54
13
16
9
2
84
122
18
1
2
142
128
21
60
54
63
17
1
1
4
22
22
1
34
27
12
31
66
11
5
40
49
76
7
4
1
16
32
1
36
80
9
61
3
1
43
27
21
2
1
36
4
2
25
1
13
1
20
41
3
80
18
41
26
18
15
89
29
55
51
1
45
9
11
94
1
33
19
2
67
1
3
1
25
15
1
23
16
80
1
1
30
12
10
15
31
53
1
24
1
14
29
58
15
139
10
24
32
1
15
5
50
9
13
13
131
1
2
28
49
1
16
2
3
1
1
148
46
1
102
9
1
11
58
45
1
181
5
44
2
47
85
17
1
83
63
47
12
127
172
5
53
67
1
5
26
3
44
29
14
2
94
115
13
1
60
9
86
1
5
1
11
44
23
3
113
29
47
1
5
40
8
6
83
29
4
30
35
1
7
62
5
1
2
4
52
24
80
3
10
46
1
1
1
44
22
125
71
1
127
13
14
48
1
73
14
12
1
1
17
131
3
40
20
33
129
18
1
6
31
41
19
66
1
14
52
39
176
1
12
1
4
18
10
45
176
19
39
45
1
112
11
1
19
92
1
24
6
88
9
189
1
48
1
39
101
23
79
5
23
1
1
4
19
23
3
84
11
24
16
49
145
61
55
1
1
25
9
34
42
92
6
97
9
22
1
137
3
1
4
10
24
92
1
51
5
34
47
36
30
60
68
133
12
11
1
59
28
24
171
2
134
68
52
110
6
1
5
9
112
1
55
11
1
36
57
8
1
55
1
19
7
240
78
34
57
1
19
3
56
6
13
81
67
1
11
1
11
138
12
133
1
144
15
54
4
8
2
9
1
2
1
1
28
155
27
202
4
45
18
9
89
10
1
142
184
9
87
1
1
12
58
4
22
22
34
16
80
1
1
10
137
125
22
63
1
1
21
1
9
24
8
1
55
34
34
12
32
26
14
70
1
123
2
16
1
4
1
30
99
4
4
1
1
154
36
111
23
36
26
90
73
65
71
79
3
25
93
38
67
9
10
10
40
1
2
1
85
52
1
1
4
30
2
2
5
8
23
111
80
2
39
124
5
30
10
18
12
1
10
26
31
1
47
1
25
182
97
5
1
22
14
53
87
1
35
1
46
6
1
43
4
17
115
61
3
82
6
1
63
2
64
56
11
17
126
43
55
26
43
29
2
163
26
7
10
71
92
159
5
85
20
155
51
1
81
28
1
9
2
30
48
15
1
117
52
1
2
107
1
1
39
139
1
4
69
1
16
49
34
2
1
126
9
1
1
110
5
17
1
40
45
1
3
21
4
93
2
31
3
28
86
1
36
4
7
19
75
3
63
17
28
45
32
8
12
5
28
15
29
56
6
21
103
16
44
2
45
41
1
11
43
4
1
137
62
29
14
21
1
1
24
14
13
6
172
195
57
150
8
21
135
1
1
126
18
183
96
43
19
26
150
16
6
62
98
56
28
1
1
3
18
23
2
2
6
99
74
32
12
5
8
33
19
9
91
27
1
53
40
27
11
3
3
9
10
119
1
66
5
73
16
1
3
35
40
16
1
70
15
1
20
30
37
53
39
1
69
32
53
65
31
145
3
1
12
1
21
40
23
162
14
20
3
6
65
57
30
65
108
29
1
13
25
96
68
1
19
1
35
39
1
6
63
98
5
86
5
148
114
16
8
80
41
18
1
16
57
1
61
53
76
25
82
164
35
18
57
2
18
4
117
2
34
16
118
7
134
7
1
12
7
66
129
33
1
118
2
5
45
34
122
4
67
2
97
9
125
9
1
1
85
3
9
4
6
12
3
1
7
1
7
3
6
14
1
7
44
19
52
1
87
141
10
13
60
38
89
166
3
33
54
1
27
17
10
13
1
204
22
90
50
88
6
50
4
1
31
59
30
54
1
1
1
7
19
33
13
20
6
23
11
2
57
70
229
65
1
39
45
2
20
5
22
18
1
58
2
98
1
4
155
24
75
1
39
33
11
1
29
1
25
58
16
3
34
41
4
1
28
1
163
78
14
1
1
13
1
9
1
79
1
6
11
1
49
3
1
203
19
113
28
1
1
50
16
57
1
43
85
83
15
46
1
10
113
1
10
67
108
30
10
50
34
1
3
20
1
35
40
33
70
23
32
1
137
80
8
1
26
6
32
99
62
15
22
38
1
21
17
1
86
4
75
26
67
3
24
64
134
151
1
1
25
57
15
1
78
23
7
1
63
80
2
2
5
1
13
1
6
14
16
1
1
52
2
20
1
17
56
14
130
3
60
55
134
19
1
37
27
21
1
19
59
45
17
84
24
35
13
30
2
12
21
25
15
107
40
9
13
26
16
53
4
30
19
95
29
37
17
50
142
208
13
19
35
12
46
28
1
1
76
1
72
1
57
124
91
17
1
69
28
94
1
75
7
1
3
27
3
1
26
28
12
1
136
1
60
1
2
27
41
70
111
56
4
74
21
1
9
112
1
6
80
24
140
88
2
5
14
45
22
4
37
125
11
22
7
25
1
139
8
1
28
57
3
33
52
117
1
2
1
1
159
21
1
16
31
17
5
4
2
167
1
10
17
8
133
85
13
45
73
1
173
29
232
10
161
35
5
33
14
6
4
10
101
1
34
9
2
34
3
120
40
199
15
2
4
1
3
21
12
152
94
79
196
21
15
7
30
1
75
6
1
23
171
30
24
102
160
10
1
17
2
15
7
3
87
8
1
1
102
1
1
30
67
37
1
8
125
8
14
37
3
32
29
73
66
6
4
26
95
296
21
26
30
15
1
107
3
16
79
55
64
7
1
1
7
1
1
28
8
1
7
1
84
21
31
1
87
1
1
34
31
31
21
23
1
1
8
63
34
3
1
1
8
63
117
18
57
47
10
11
58
1
29
10
46
47
1
1
1
1
1
72
92
1
117
158
37
33
57
121
2
16
38
163
3
3
1
1
24
1
6
24
1
26
18
156
27
1
12
171
10
10
17
12
55
51
2
13
12
32
2
10
1
47
5
15
44
64
131
116
20
1
49
107
67
1
1
22
158
48
5
138
85
9
68
30
101
17
8
85
1
127
111
1
1
7
154
3
1
147
1
19
1
2
21
118
6
21
1
1
32
57
5
4
47
22
1
28
47
5
19
11
1
1
3
52
23
97
126
8
62
1
2
110
1
99
79
53
1
18
16
20
88
83
90
12
87
1
44
19
39
69
15
1
9
19
32
36
45
9
1
9
18
20
42
140
43
47
49
20
21
129
43
58
6
89
30
28
41
17
1
15
33
114
1
81
8
73
34
28
19
26
12
6
1
8
69
4
1
1
45
69
1
2
28
11
25
1
2
65
8
62
1
9
17
15
24
79
44
6
150
1
11
7
1
9
27
39
73
8
16
54
2
72
1
16
44
94
1
1
193
30
52
101
5
78
54
71
1
1
35
45
7
2
62
1
27
24
11
1
7
1
121
3
1
16
1
205
45
9
1
47
131
172
30
56
21
105
57
21
11
7
71
73
101
5
36
9
66
148
129
1
1
35
1
59
12
205
1
49
33
12
120
3
1
1
52
29
38
1
1
25
25
53
88
1
135
124
38
1
1
127
34
11
73
147
3
11
10
14
1
115
77
15
11
4
1
43
45
1
42
34
13
1
1
12
1
57
1
8
38
1
12
18
11
36
14
16
56
2
55
36
62
1
66
10
3
17
34
10
1
5
1
18
4
36
3
18
4
19
84
9
64
6
167
53
33
20
27
1
1
9
17
83
4
11
5
27
10
14
86
5
101
48
4
99
12
52
134
12
118
17
6
20
72
50
67
6
125
65
18
7
1
4
1
6
1
136
115
1
15
16
1
1
191
62
5
1
9
1
1
11
6
16
39
1
1
8
14
56
2
14
37
4
10
42
37
2
91
3
53
16
82
28
127
34
1
4
10
40
131
93
15
5
37
59
11
4
52
37
1
80
130
68
34
3
69
1
31
241
64
2
47
29
7
65
56
33
1
4
38
5
15
111
15
107
4
6
88
71
1
163
6
1
8
1
8
15
38
52
62
51
1
19
16
3
32
17
3
95
98
2
24
8
3
7
1
80
87
187
140
34
1
43
1
6
3
51
8
1
56
21
2
1
53
3
1
1
1
129
42
1
6
17
34
17
2
13
55
2
1
9
8
133
75
1
35
53
39
15
91
80
127
9
61
1
51
7
3
1
9
19
56
1
15
47
1
66
5
49
4
182
2
1
20
31
1
6
1
6
21
23
5
10
14
3
1
17
10
26
31
31
63
26
3
1
63
17
1
82
1
19
3
6
2
71
1
3
88
1
30
2
6
1
3
63
5
52
33
1
1
1
160
137
1
1
48
13
15
3
119
62
95
25
22
50
68
3
10
1
3
1
175
164
34
3
48
67
29
4
81
31
18
10
20
31
101
1
41
23
1
100
14
75
11
48
73
13
41
101
3
2
1
162
61
8
4
119
19
18
11
9
1
159
92
123
31
7
13
171
116
77
70
10
35
97
66
47
16
28
3
1
20
3
23
2
76
96
47
15
76
26
67
3
50
6
3
3
49
2
15
18
1
1
1
6
26
39
59
3
31
100
76
175
1
53
2
1
6
1
5
15
34
9
14
101
39
4
1
146
2
5
74
18
47
19
4
156
57
6
45
8
5
2
26
1
13
1
12
62
13
74
215
22
123
32
1
50
1
12
53
133
43
139
12
41
1
69
22
27
81
46
1
23
7
20
28
4
2
12
87
25
80
1
3
1
22
99
9
2
79
1
27
30
116
4
12
2
99
1
98
64
32
72
16
3
4
1
16
158
15
1
30
7
13
1
3
3
58
1
148
105
19
4
23
6
26
1
19
15
19
20
44
1
85
36
1
8
80
86
40
13
2
7
26
36
102
162
41
1
9
14
56
126
34
1
1
1
1
2
18
96
60
18
27
23
4
85
65
1
49
41
15
126
4
5
13
1
1
22
35
5
58
22
12
62
12
8
57
17
62
14
33
31
1
1
14
1
10
9
41
4
49
7
44
37
78
1
7
1
1
1
132
14
8
1
3
23
60
53
32
5
31
61
2
6
2
195
1
23
41
2
85
1
1
1
50
2
1
1
1
25
1
31
1
48
1
5
1
27
60
10
8
4
1
58
10
20
3
27
130
8
54
1
2
29
5
7
1
7
4
1
20
5
39
85
1
2
16
1
52
55
11
10
50
51
104
71
1
25
84
34
15
224
31
24
12
66
6
5
4
1
1
76
1
112
70
9
1
1
7
53
36
28
11
68
15
216
9
47
12
2
4
83
1
43
72
44
3
7
15
1
2
12
158
24
12
1
82
1
1
1
60
1
16
1
24
151
47
16
39
1
2
26
30
1
1
4
4
103
5
31
12
48
36
29
91
1
48
10
24
17
5
30
46
1
130
16
126
8
72
127
12
8
11
1
1
48
62
1
15
1
5
4
1
73
59
14
66
16
49
8
74
2
89
13
3
109
8
33
7
167
66
155
2
103
10
2
1
44
32
53
72
142
76
13
16
15
43
83
198
2
2
34
1
98
171
9
1
38
46
25
1
2
1
6
113
24
1
110
3
24
11
22
5
18
26
190
64
10
102
4
11
16
42
1
5
4
1
61
1
36
18
12
84
1
117
1
17
12
34
54
7
4
34
35
79
10
1
20
6
4
94
1
24
24
109
27
1
3
18
37
1
41
24
1
40
170
209
77
23
1
108
88
159
6
79
26
1
8
74
92
2
32
1
125
2
59
20
59
10
9
1
1
12
32
11
65
133
4
12
37
53
14
133
1
3
1
59
30
79
3
2
26
54
81
20
5
20
250
16
65
9
36
1
12
1
39
1
109
10
77
56
1
5
1
24
3
1
54
21
2
5
18
4
72
12
40
36
205
1
3
37
21
4
62
55
8
79
26
8
5
1
28
38
1
26
148
87
7
37
64
4
1
37
6
31
1
2
4
1
113
62
9
1
4
5
133
3
32
38
31
1
1
184
54
4
47
63
28
19
50
1
13
26
196
66
66
60
15
1
96
2
33
68
34
182
1
123
95
1
8
34
104
212
1
1
7
1
4
55
82
25
74
1
15
1
1
1
240
8
20
3
16
46
1
30
39
1
1
1
145
24
66
29
159
10
2
175
6
1
1
7
8
2
74
14
1
101
7
124
21
1
1
10
1
12
1
16
1
1
81
35
28
4
28
1
1
59
41
5
166
15
87
256
63
275
27
97
56
17
65
26
2
1
47
50
48
12
18
31
27
75
26
84
13
43
33
1
80
12
114
170
41
122
1
10
27
35
1
90
1
34
189
9
18
72
39
8
1
2
12
1
157
3
2
7
27
6
10
48
57
52
28
3
1
17
8
82
9
22
47
12
38
35
22
2
43
67
84
18
35
54
56
6
101
1
22
6
24
161
102
3
5
49
1
1
1
11
8
5
35
3
2
12
1
7
84
32
10
12
40
4
1
12
15
62
42
48
37
1
3
34
70
46
8
8
16
1
45
61
1
19
85
44
8
115
2
93
1
30
23
63
55
36
12
1
11
21
8
147
10
1
35
10
59
60
57
3
24
48
16
63
80
176
16
127
33
10
227
11
7
6
30
16
1
2
16
1
2
166
8
19
22
17
54
108
43
35
50
2
10
20
1
49
4
1
58
52
1
1
1
44
1
9
101
34
48
105
19
1
3
55
26
82
12
54
8
35
14
74
91
19
3
118
56
49
28
21
19
1
4
8
2
4
4
1
1
4
31
43
10
30
1
7
12
109
1
10
56
67
9
52
10
229
6
10
193
79
22
2
1
129
61
26
5
105
28
4
25
35
1
175
3
55
4
26
95
48
9
7
5
8
1
70
12
43
5
49
3
3
87
1
4
19
45
107
12
2
2
1
70
1
4
25
4
101
20
40
55
1
36
1
3
55
32
64
61
14
2
65
2
37
29
5
27
1
6
4
9
57
29
37
21
27
4
56
83
105
1
40
11
92
4
22
5
61
17
44
2
16
98
107
8
35
14
24
29
18
1
18
8
14
153
199
10
60
1
72
7
1
101
3
48
106
1
9
1
19
40
13
12
20
75
1
13
3
13
24
1
1
83
53
182
10
1
4
31
28
41
87
14
3
53
16
1
17
1
8
1
82
12
96
2
166
1
3
29
6
10
1
6
3
3
8
87
2
11
5
42
3
13
77
1
12
9
7
12
1
70
75
69
37
1
3
51
97
8
81
10
1
186
1
59
1
149
1
138
45
24
3
36
18
9
178
9
3
4
55
47
8
1
22
8
1
1
2
20
89
53
72
21
116
54
43
3
29
129
15
32
1
8
6
16
7
8
120
45
43
3
116
1
2
9
1
12
57
26
1
23
7
1
42
39
12
4
1
17
1
22
1
99
1
11
1
71
3
30
1
32
9
3
1
27
1
26
42
99
1
79
179
69
69
11
54
7
1
107
22
5
56
26
1
1
22
6
1
236
12
6
96
1
19
7
3
59
69
53
28
5
1
12
8
10
5
1
7
1
12
16
17
1
11
4
27
61
1
127
6
126
26
126
7
191
18
76
12
8
1
4
1
19
88
9
82
27
24
136
13
4
2
1
37
94
1
1
1
5
1
3
10
22
32
69
3
98
81
1
12
17
15
17
61
8
93
21
65
27
131
24
1
106
14
12
28
3
12
2
103
32
148
2
1
41
1
15
21
109
36
57
8
8
5
88
5
1
8
65
4
100
1
17
7
3
19
192
47
35
13
1
1
14
112
28
28
1
11
41
92
15
10
33
17
61
3
17
38
29
128
22
80
1
67
187
117
22
2
46
50
111
66
2
17
16
80
1
48
13
14
16
4
149
100
204
1
42
12
1
36
2
19
58
1
89
1
1
2
1
5
16
4
11
15
7
67
7
25
9
1
6
45
64
63
35
7
65
52
1
1
98
23
114
1
29
58
15
1
49
89
96
1
221
15
82
48
1
1
1
1
1
40
51
18
40
33
111
1
3
6
38
30
246
13
48
1
13
53
14
177
24
4
30
5
21
23
1
3
84
4
14
31
25
8
137
1
4
30
50
45
1
34
67
20
62
57
2
136
20
13
124
1
4
1
16
16
62
1
89
88
19
11
20
44
32
62
12
178
9
3
4
1
12
1
3
31
32
1
1
6
28
67
10
223
9
20
3
1
32
1
25
88
46
1
149
15
36
35
50
1
79
13
6
181
146
255
1
38
8
10
9
13
1
1
4
9
1
175
81
22
2
18
2
2
18
44
5
22
5
65
1
9
17
94
1
11
128
24
1
103
3
3
1
187
16
51
6
52
3
2
15
1
11
11
39
34
1
2
17
140
57
9
46
31
5
1
16
76
136
10
20
159
58
64
64
16
55
27
76
3
22
73
1
22
6
57
8
60
1
15
14
2
33
43
11
6
22
27
20
26
32
7
9
1
45
2
15
1
124
47
61
15
219
1
49
1
9
65
89
12
1
67
2
41
2
1
31
2
82
80
20
42
1
43
43
26
4
56
16
35
1
41
18
38
4
1
59
72
111
1
52
2
26
78
19
1
4
31
1
6
45
132
119
122
7
1
54
5
1
144
15
1
163
6
39
2
26
1
15
195
5
106
116
59
1
128
76
6
14
3
9
99
1
67
170
45
24
9
93
64
11
26
11
14
1
35
18
7
33
54
43
21
3
235
18
35
91
1
6
1
31
1
1
23
29
1
3
12
4
1
10
36
11
80
291
21
61
8
28
3
39
4
1
66
34
1
28
1
170
1
14
59
55
1
190
6
43
1
56
1
4
212
35
6
25
91
17
42
1
17
3
9
146
16
31
22
3
36
6
3
44
3
29
110
6
2
3
4
1
10
1
1
1
157
89
104
69
18
93
1
6
1
42
48
35
24
2
96
1
5
2
1
58
1
130
96
1
41
90
18
36
1
9
97
9
6
1
2
34
33
123
1
7
60
12
15
12
31
2
9
12
6
41
4
1
31
53
13
24
20
8
1
4
102
23
10
30
67
29
40
187
116
58
78
6
168
3
22
1
100
32
36
8
17
62
3
55
1
3
30
2
40
23
83
19
1
1
25
1
13
30
78
18
7
41
2
1
170
61
5
40
136
15
8
159
50
82
31
39
31
1
1
6
14
11
2
42
11
5
3
1
1
1
20
1
2
31
9
11
80
59
26
28
2
31
48
11
57
22
8
85
61
1
67
176
1
65
88
12
63
36
7
174
11
27
38
21
36
34
12
9
158
11
19
1
1
80
1
15
170
91
17
33
47
12
34
10
61
2
26
1
71
1
138
23
3
6
37
10
179
14
30
5
1
1
67
13
3
2
20
39
21
1
6
3
1
3
4
2
8
78
114
146
1
12
123
7
3
25
1
10
16
41
67
11
31
55
4
186
51
41
3
25
1
32
14
1
94
64
1
50
5
4
2
220
10
70
75
17
19
117
10
2
1
11
106
24
1
42
3
42
5
7
155
1
3
10
100
91
68
1
6
1
4
1
3
64
16
6
31
71
34
1
26
69
33
33
5
45
3
3
76
19
32
1
1
254
1
19
5
74
1
57
22
22
9
12
57
57
9
38
33
61
1
43
1
95
1
44
11
1
2
59
16
82
22
17
14
1
26
2
60
3
26
5
35
32
118
98
6
68
30
3
32
32
1
14
18
29
20
6
2
4
63
53
98
1
1
52
127
64
1
18
126
126
5
1
1
21
1
27
186
163
52
24
1
56
3
45
1
52
36
23
25
22
30
2
1
153
1
21
45
1
85
83
11
46
41
9
25
3
3
4
2
2
61
1
9
7
84
43
75
1
15
53
1
1
55
5
1
9
25
61
30
2
161
23
1
20
1
4
107
22
1
101
7
37
1
1
72
55
70
1
1
25
10
1
156
48
6
147
48
11
20
86
168
1
8
7
120
22
7
2
85
66
4
2
1
9
1
151
1
1
53
76
41
6
17
1
9
5
6
4
11
5
53
1
7
54
11
20
72
128
93
13
27
129
33
7
121
43
21
35
3
123
9
6
35
143
1
3
1
25
98
25
2
1
35
58
67
7
24
2
43
4
64
61
106
87
1
1
20
28
9
8
65
155
86
1
1
27
11
2
48
2
96
4
122
30
4
12
37
49
83
9
1
23
17
