29
1
6
11
56
1
37
1
4
73
72
1
157
31
1
41
39
41
168
62
17
209
24
32
17
1
6
1
1
23
55
80
8
1
1
21
5
19
74
6
57
97
24
13
9
1
1
9
50
159
270
3
7
7
3
20
5
5
106
12
7
21
4
1
193
1
15
58
61
2
38
101
60
53
2
40
187
48
63
11
1
17
12
4
13
72
3
1
61
1
66
21
59
5
131
10
23
121
2
43
40
6
112
1
2
45
1
25
16
8
40
37
4
32
52
32
58
168
81
23
1
72
24
30
1
104
3
57
13
66
26
5
1
2
43
1
111
12
1
3
61
59
9
1
9
2
15
3
1
69
11
95
1
8
71
10
7
1
27
5
1
170
33
50
120
44
1
2
5
1
73
67
71
34
9
54
1
20
6
35
6
11
64
17
10
22
3
64
1
15
31
30
57
124
39
8
2
67
106
4
1
22
6
18
15
79
44
8
114
85
1
166
67
52
16
1
23
93
70
58
5
19
147
1
1
10
1
23
203
29
1
195
19
18
9
1
2
173
35
9
145
12
27
188
6
10
33
19
8
2
14
74
78
28
1
3
1
33
12
18
5
2
1
1
2
92
151
5
4
23
55
1
2
18
9
22
83
11
30
6
17
7
25
16
157
16
32
136
127
33
13
1
172
1
66
9
58
6
4
35
58
15
1
59
1
1
1
110
2
66
10
6
84
1
17
6
16
20
80
318
165
14
19
10
24
107
14
13
1
213
58
51
82
23
98
1
10
1
6
38
28
91
18
77
9
79
1
31
125
28
45
51
90
2
45
1
13
25
1
28
148
15
57
1
1
8
31
84
43
1
10
30
1
27
2
2
13
54
248
131
18
6
134
78
56
21
129
6
131
11
10
128
12
136
1
61
18
1
146
8
6
8
40
81
108
65
41
144
11
85
13
61
5
1
190
1
40
16
1
198
63
8
8
16
57
3
59
143
10
1
49
1
37
25
36
3
4
16
1
133
67
10
1
2
75
114
6
26
1
74
26
1
1
4
4
4
4
1
21
23
7
49
22
7
182
23
3
1
4
9
1
122
1
44
46
108
84
4
16
11
4
3
1
36
1
3
6
15
78
5
8
9
33
9
7
1
50
6
37
45
6
8
12
30
15
10
9
76
174
43
1
9
71
3
109
39
44
1
47
24
7
14
6
1
35
2
4
6
80
19
4
1
1
1
9
134
13
2
1
1
11
1
1
36
14
11
220
1
69
1
1
75
1
1
3
2
14
16
1
4
54
22
97
36
59
2
1
41
87
42
3
29
92
4
2
1
61
18
1
40
1
115
22
36
49
10
59
3
38
55
1
1
2
65
80
1
7
1
2
1
36
41
9
13
9
5
106
59
59
103
18
88
21
6
12
1
119
122
1
53
171
4
18
108
82
198
1
28
87
5
122
60
22
36
4
1
8
23
4
28
7
1
69
17
2
3
1
12
4
10
67
1
7
3
5
10
70
25
13
6
18
51
60
14
93
7
89
36
65
7
46
4
12
1
30
1
64
1
18
19
11
3
1
29
1
32
63
108
1
204
20
7
10
31
5
11
25
53
85
85
185
17
167
1
1
16
26
10
50
28
23
3
1
17
3
13
3
163
14
23
26
1
18
54
1
1
36
15
46
48
52
50
1
1
112
62
15
18
46
41
1
12
32
49
2
21
38
1
27
3
14
64
20
32
1
16
14
11
18
3
52
1
30
10
27
24
2
12
169
90
9
7
4
8
4
20
9
75
1
13
7
11
42
1
1
51
43
1
2
14
1
28
245
37
15
15
1
39
4
1
4
1
34
1
23
104
2
38
80
10
28
25
4
3
10
15
8
1
3
18
19
2
29
27
2
49
4
13
3
1
19
4
1
46
34
37
50
39
149
26
106
109
2
20
3
17
6
45
113
64
96
28
1
1
1
4
64
30
24
97
96
15
3
2
142
4
30
80
191
6
25
51
1
1
2
42
2
26
3
28
34
1
1
18
1
39
68
12
48
112
12
157
155
3
69
110
57
1
74
49
47
48
23
8
1
10
244
81
45
15
44
2
35
1
197
14
12
144
143
38
164
1
86
1
1
47
34
1
9
7
32
72
66
127
65
135
1
14
20
1
128
16
49
13
2
3
96
135
65
10
1
1
43
140
18
4
5
1
12
2
174
1
19
2
55
131
9
19
6
80
69
1
1
70
12
11
48
7
22
7
41
7
20
1
46
24
1
99
7
94
4
230
30
26
56
16
5
6
53
38
