1000
4040 6540
5520 6460
3880 5180
6540 8640
5380 1280
4340 6460
7220 4300
8340 5980
7320 7500
4980 5960
4040 4500
9820 3800
7720 8620
5500 860
4840 5580
3560 3420
9220 9200
9880 5240
5380 1000
9280 2660
4080 340
6980 5360
4900 3000
8820 6420
800 7620
10360 8360
4380 3180
3860 3300
7360 4480
7080 940
6540 4900
1700 3760
2200 920
5880 1680
3160 5080
6060 3040
6920 9200
6040 1320
2240 5700
8380 6580
8960 4940
3980 5260
5920 3680
6700 4480
3800 2220
9160 4000
9440 4680
3520 220
6600 8540
5760 3460
3240 6880
8880 3720
10320 7720
6060 5180
7260 1200
10060 7580
9720 3120
6680 8160
1600 6680
3040 7260
8020 7060
4500 3320
1460 640
1560 4520
7640 4760
4020 5680
3420 340
7100 5760
7680 4720
1840 7520
6340 8120
9140 2580
10680 6900
2120 6360
1480 8160
7320 3780
5480 6380
9000 8380
820 7280
9740 7540
5880 340
2620 6700
4180 4400
5660 3520
1160 6920
8760 2340
10900 6300
9980 6440
7400 6400
9780 7620
7520 4920
10160 7620
2380 640
9380 7100
9660 8600
7820 4320
6860 3100
4360 2520
1960 6120
4800 3780
1540 4980
5880 2940
6840 2380
4040 2260
2600 1120
10880 8760
4240 3760
1720 6980
6620 6060
1540 4600
3060 2800
6140 2160
880 5820
3900 4080
6520 8280
8040 1600
10960 8040
10160 6460
1820 3520
1740 560
9520 6460
3740 1780
4280 4460
11500 8380
3220 5000
8680 7660
2660 6960
11140 8820
3780 4120
9980 7760
4120 5800
9740 4820
6480 8300
9520 6020
3160 5380
9680 6540
3780 5900
9420 9400
3200 7020
10480 5080
4420 1780
1420 600
3020 2780
9800 7140
6300 3080
8480 3960
8160 5900
3120 1740
4020 1440
2700 7600
5240 980
1640 5340
5200 3640
1060 8080
7600 1420
5020 1860
6180 3840
8000 8140
8320 8040
7900 2400
6080 1640
9980 3800
5540 620
2780 7860
6840 8000
9120 5600
3000 3640
9640 5540
8940 3720
9520 3380
5080 320
2700 7580
4980 740
4720 420
2780 3160
3540 2000
9480 8460
5340 6140
10180 7820
4620 6580
4460 3700
3840 5080
4280 4800
8540 8180
2240 6460
8100 4200
3480 2540
10160 5840
9540 9380
2980 2820
6220 1500
9160 4280
3000 5000
1880 8240
7300 3780
9140 2820
2260 5320
7660 2200
8100 9820
1840 8380
8060 5180
3560 3640
3220 2840
6760 1560
8140 4860
5280 3400
8620 4060
6200 4200
2340 7760
4840 6020
9480 2780
1440 6020
9080 5360
7740 2100
2560 500
7740 1680
3180 6300
1160 8880
4040 3400
5600 6060
10440 6620
4560 2520
1580 6100
10560 6500
1060 7180
6160 2800
1120 5040
5460 1240
2700 4080
1500 5980
5800 1580
4560 6780
5620 1680
2320 6580
5360 300
8400 8820
1740 5540
3380 5780
6140 2000
2660 4400
2060 700
7860 1740
6320 4760
3540 3740
6080 1560
7320 2820
3860 6860
6960 6740
6080 4680
6900 2500
6920 2140
2640 7660
1780 6220
6880 1920
10160 6300
5840 4940
3380 5900
10540 6080
3540 4040
6880 8540
6260 580
1440 8080
4020 5220
3120 160
8000 4740
5380 2660
2280 5080
1580 4680
11080 8120
9300 9480
6620 7120
8380 5940
3020 6880
8440 3940
6540 4080
5720 5020
4820 5220
9080 7260
7300 3600
9680 4280
10740 6140
8240 4760
11500 9060
6760 4720
1580 7040
8880 7260
3540 2900
2860 2840
9080 6040
8540 8320
1580 6920
4320 6300
7680 3600
3580 7360
8080 5620
2160 880
10880 6800
1880 820
3000 6240
3340 4940
9780 6820
4620 1020
4960 3840
2520 4840
940 8220
4000 5560
7880 3260
5560 5540
10800 7760
9080 3640
9040 9020
6320 2000
9880 7840
3340 6700
9980 8920
980 8840
2940 140
7620 2980
3960 1480
840 5800
10260 9160
6200 4640
11780 8400
6060 6800
10800 6280
3940 3640
7000 5060
6920 4560
4360 4440
5520 3020
3580 520
9100 3180
8540 4280
8140 3100
2620 940
7320 1700
8720 6820
7800 9480
1660 7320
5560 440
8680 6620
7380 7360
8260 4520
1880 1140
1540 760
1360 5840
11600 9400
7720 2200
1840 7200
2120 7820
7220 920
3560 4720
3960 5600
9260 6260
10660 7180
6840 3960
9960 3680
4700 3980
6640 8040
6540 6200
3640 3220
9720 8240
8380 4680
6800 6680
5540 2000
9920 6480
5860 1100
9300 4840
7820 4060
1240 7160
3800 5360
8260 4280
1680 580
8780 7580
9380 5900
7540 1880
6260 1500
5380 5780
6840 8400
2800 3200
8360 3120
7760 9240
8660 8720
9980 4660
7120 1180
4800 2220
9480 5960
10540 5480
5060 3180
1640 8240
2080 6520
10120 6580
10780 6700
7600 4800
9020 5120
5040 2660
5820 2200
8280 3800
1640 7220
9180 9760
6120 2400
3300 2380
5760 5120
5020 5780
9400 3120
6600 1640
4680 3520
11000 7900
6620 1500
8020 8960
2200 3640
6860 9240
8240 6100
1820 500
520 1160
4760 1000
9280 5680
6160 7940
7400 6040
10920 8640
4700 3820
2900 4160
1900 6820
5460 6080
4860 6160
10980 8060
1940 7540
8160 9180
6300 5120
3320 4160
2180 4460
2560 3320
2260 6940
9500 8960
5820 3760
5760 5680
10240 7280
6060 2500
3040 240
10860 7180
3260 3620
10680 8440
7740 7940
8360 5140
4020 6380
5900 3260
4340 5900
7500 3020
7020 6880
8600 4980
1860 5320
6040 6100
2980 4000
2860 5020
6640 4700
5500 2420
4020 3860
2780 5780
8000 1620
8180 6140
780 9120
7180 5180
8000 2620
3020 3780
3760 5200
6040 6740
6620 5660
880 7440
1820 620
6480 8060
1940 3520
4560 6580
4580 2440
10880 8300
7720 3720
8360 9180
10740 8860
3600 6500
9760 9140
6640 1960
7200 8860
8960 2240
1640 1040
5260 780
1120 6980
3340 5660
3860 7140
5440 4240
10420 6400
7640 2120
9380 8240
10580 5440
6320 1100
8700 2780
10640 7320
7700 3260
5780 4920
9260 6360
9000 7040
4760 6960
8820 2760
6040 5220
1060 4980
8680 8620
6540 7680
3260 5660
5200 5080
7700 7180
10520 8560
720 7680
6840 8920
680 8260
6200 5280
4980 6760
6840 2240
9180 7640
11500 8320
5540 3400
6060 1700
8940 4620
2300 5580
6860 6900
3380 2520
2300 1260
7160 6200
8500 6600
7480 6780
6920 6380
1220 6120
8520 4720
7360 4040
2100 7920
2100 5600
6440 5520
9080 7240
7140 3740
1500 8420
11180 8860
6540 7840
10220 7880
4960 540
3620 3960
4600 6040
8060 6240
1340 7480
8260 1940
7500 2820
2540 3300
6660 6160
1780 720
4060 1820
7540 4420
10700 6660
8420 5380
8060 6220
7600 4520
7680 2360
9320 8600
1680 4700
6160 7560
5100 6900
5860 2600
9900 5100
3400 1080
9860 9080
1560 560
4660 6180
4580 6620
5500 4620
8460 1740
2560 4140
10280 5760
8080 3200
6300 7280
9320 3480
9680 9420
4540 400
5380 3520
7540 5720
5120 6200
6100 3560
8640 2080
4380 1040
7680 6580
2960 1340
9700 4320
9520 4560
2780 5340
3020 7660
2360 7360
3640 3820
6780 6140
7800 3940
7020 2740
4620 3000
9140 9160
7920 6800
2140 3400
6340 480
1080 8920
4600 4920
4940 1180
9080 3600
8260 2020
5040 5320
5640 5920
8940 7460
4560 280
4300 100
11540 8360
4060 3040
7420 3840
10040 7080
6300 7040
6080 1660
6620 7540
10060 4400
2960 2460
1580 6540
6500 2180
8020 4000
2780 840
5540 1440
7460 3520
4720 6500
5220 340
1840 7660
10160 4860
8520 6460
3620 2920
4180 2700
2500 7300
5220 4500
2020 1320
9000 4700
9040 2920
7720 4280
7080 5140
6200 7940
9040 6920
9600 5280
1400 1000
6120 5660
4960 1360
5940 5280
10860 8660
6880 4600
6900 8140
3580 5940
4120 3700
8880 3740
4960 3680
2420 5240
2220 4160
3080 5260
1360 820
7300 4260
6840 7700
9760 5560
2140 6680
4480 280
1960 6500
5940 6720
2960 4800
6080 460
5120 360
6020 4220
7120 5120
8900 3740
5260 6440
3160 2820
9680 6400
6040 520
3760 5700
1500 7260
6540 3040
8700 5400
2660 3520
2380 460
5520 2920
5620 1160
5000 4760
10120 4900
3900 2360
4240 5800
2960 3380
6840 8600
7100 7880
4540 220
4960 3580
5620 4420
11880 8500
2640 7720
4960 2820
3680 2380
4180 5560
9980 4140
5580 1720
7120 8300
3120 6440
8480 6080
9380 3860
9400 5700
2820 6360
4540 2080
7200 6000
1380 6960
9600 4560
2000 3700
6640 3520
9380 7580
10100 8100
1740 6380
6600 4760
4520 1620
3800 140
4940 2680
2940 4320
10620 5760
9160 9220
10800 8840
5300 600
5000 5460
11180 9060
9020 6080
7980 8840
8980 9440
6760 1140
4400 1760
3420 4480
8160 4800
9360 7140
10540 5660
1780 7480
8180 8000
3840 5060
7940 5420
1020 5220
4000 7180
7840 2980
9060 9000
3340 4480
3840 4220
1740 900
5940 720
3980 7120
3840 1680
9560 3040
8320 5940
1000 8400
4760 2940
2080 6880
3020 5900
8640 8940
8300 2640
2480 6380
5240 2880
7420 7820
2540 5620
1520 8640
10600 8940
8840 2540
10900 7820
4720 6680
6160 2840
9120 4860
3400 2600
2380 4720
8480 4420
9060 7200
7860 3040
2960 1220
880 7240
5200 1080
6660 1480
4060 3140
4000 1740
7040 9200
4180 2300
6980 1700
11740 9440
2060 6360
7520 9380
7640 1220
7820 5760
11680 8240
4940 6500
3020 5440
5360 5740
3020 2760
8620 2740
9440 7940
6060 1900
3740 7200
8040 6160
9380 8320
6780 8260
7860 6140
7080 6400
9300 4620
3680 4200
10080 3760
5660 2520
9660 6120
9640 9440
9780 4860
8160 6400
4220 3060
11100 8920
3320 6020
10400 5120
8960 8920
10040 6520
4320 260
8880 6540
6560 4660
7960 8640
5820 6020
4940 6460
7220 7200
6100 8140
10360 4280
1740 4580
8100 3660
7120 5140
9120 4660
5340 5220
3180 840
2240 6140
9120 8420
3840 660
8300 6000
9820 8060
7320 7480
1500 4940
9240 7540
2620 4320
4900 1780
11620 8380
5740 1900
7520 9460
3100 6720
10160 8700
5760 6160
2680 7800
7980 7680
4800 2600
1920 820
10140 8300
9540 5480
2880 6360
7940 7680
2920 5840
5360 780
8720 5840
2360 7080
4280 2220
2820 5200
7460 5960
9200 8380
3020 5560
5780 3800
2760 7720
1060 1120
5440 720
6800 780
5800 6600
10200 8860
10180 5480
3580 760
7880 8840
6920 5700
5780 3180
1500 5540
5280 1340
8360 3400
6860 1660
6540 3680
1280 7680
9820 7920
10900 7720
6740 2380
8080 4980
7580 3080
10940 7260
8680 8080
4020 3120
9640 4200
10380 8440
9300 6560
8760 8720
1200 7820
6420 7140
5800 2000
3100 6740
3580 600
9840 7320
9160 3420
9660 7560
6020 6220
6000 1320
3620 3740
1000 9380
6560 8000
1920 7880
6020 800
4620 620
6760 3540
5180 3880
3900 3400
5180 3140
6260 1840
2140 4300
5320 3120
6080 5460
6100 7580
8840 5520
6020 3200
9780 8080
3700 7340
10320 4220
9440 3120
4240 4720
2840 6640
3980 3620
9560 8720
6340 3540
3100 4420
7900 6120
7340 7580
7280 6220
3980 3080
10040 9360
7500 5140
8300 8940
4500 6180
8440 9020
10000 8500
1400 4640
9820 7440
4580 5280
1760 5940
7740 4560
8900 3140
10820 8040
900 5520
3960 5200
10860 5960
3600 5700
7720 4320
4060 680
5620 5360
7520 9440
3920 1820
1840 860
900 1140
7360 6700
2460 6580
3240 3380
8520 2260
2580 7280
4300 5300
6580 7160
4800 5520
6840 8020
5680 1560
3080 7100
1400 600
4940 2500
8940 8920
5760 5360
8240 3920
7880 8220
3900 4700
3980 5140
5040 1100
4580 6040
7600 4420
9200 7780
3680 6900
4640 3140
5860 5780
7540 3980
5480 4220
6900 8920
8340 4300
9620 4360
4880 1160
6900 6780
2740 460
9420 7560
5140 4600
2760 460
4320 3020
8780 3040
3780 1340
9440 7240
2780 2580
7680 6700
8680 3260
