1000
6580 4980
6140 2940
6880 3200
4920 1520
7720 5860
5200 4360
7640 5280
8440 8380
7900 4360
8500 4520
7980 5400
7980 4180
8040 7940
5260 3060
3560 2180
6040 8360
7320 5640
7360 4740
6760 5840
4960 4760
8480 7040
6440 2100
7820 5500
4660 6080
7280 7680
3940 3180
7960 4820
5300 1940
9300 1500
6440 4280
7380 1740
8960 8120
8080 4580
8740 7040
6040 4360
5220 8400
5000 3220
4940 1860
8060 7200
8740 6600
6640 7220
9180 6860
7920 6920
5460 7120
9260 2940
5800 7040
8460 4700
8840 3040
9440 2080
7860 4580
7440 5600
4920 5860
6440 1880
7900 5020
5000 1500
8600 8220
5560 8380
5700 1640
6440 1700
4900 6540
8160 7240
7640 7620
4860 1480
7940 5500
8900 7540
7380 1980
6560 5720
8320 6780
8060 4580
6740 7000
9700 2000
7660 5620
8800 5760
8900 5540
6680 5760
4840 1860
6440 2380
8720 1400
9200 6460
8380 7240
5060 2960
4900 6020
7600 8320
8780 2320
10000 1880
9800 3120
8400 2460
3720 1480
7320 7380
7780 7560
4800 4580
8060 7520
8860 2860
4740 1940
7540 8080
8100 7720
6800 8220
8560 4400
8280 7160
8360 4640
8800 3240
7800 4880
6540 6040
10100 2420
6740 6240
6120 4120
8300 8060
7840 7460
5480 4340
4600 6080
7300 5160
7740 8540
9200 7320
4960 5080
8420 8340
4560 3220
9320 1900
7320 6100
7920 8560
5840 2140
5140 8040
3960 3040
5320 2260
8440 6640
4180 2260
8640 6220
7580 7940
4980 4640
7880 6620
8580 6600
5480 7320
6720 5500
8380 4420
4800 4860
8400 5680
4860 5060
8520 8340
7500 8180
8680 5520
8300 2120
7840 7880
7340 7180
8820 6780
7380 6460
5320 4380
8000 7700
8860 8160
7580 8220
10220 1440
7960 7440
9140 7880
4680 5340
7900 4500
7360 4380
5860 1700
9200 6360
7580 8600
8160 4040
8800 5540
7820 7100
4220 2420
3600 3220
8120 7740
4860 4920
8720 1520
7760 4120
4580 6520
4520 2860
8320 6860
8700 8260
9000 6400
6760 7540
3620 1940
8100 6840
6440 5980
7520 6360
6340 4200
5740 1880
4640 7660
7700 5060
8320 7220
6680 4380
9120 6760
9040 7900
7840 4160
7560 8180
7720 5100
6620 7840
7560 6900
6320 8520
7300 1580
7860 4240
7880 7020
9460 2000
7460 5560
8780 7480
8520 4240
5480 4380
6100 7240
4840 7200
5000 4540
8520 7060
3720 2980
8340 7460
8220 2180
4180 1580
8700 7020
5640 7460
5400 2300
5500 4200
9080 6080
5580 1420
6740 4160
8920 7980
8400 7640
9400 2080
4700 7960
6560 6860
4240 1420
10220 1900
8880 2840
6620 2200
10180 1760
6520 4640
6380 2260
7720 5440
7840 5140
9020 6760
8740 6660
8420 6600
7280 7940
6520 2320
6460 8380
7440 5220
6080 4160
5080 2740
5620 4080
6480 7240
9880 3260
8540 8180
5900 4320
5740 7340
8740 5940
8200 5300
6520 8500
7680 6700
8580 4700
6440 5620
7280 5420
10120 1700
8720 5660
6760 6640
5640 7080
9780 3100
8800 4980
5100 4420
5620 7560
7500 5100
5420 2980
7360 4260
5800 4340
8980 7800
7520 6220
7740 4740
7360 6940
7880 7840
7880 4140
7600 7780
8660 5560
8160 2920
8760 4760
4800 2140
8780 8180
5300 8320
4680 2380
8460 7040
7900 5140
5040 1540
5480 8620
7680 6760
7840 5600
9860 3140
7920 5160
4820 7200
7600 4120
8880 6180
7780 6580
9120 6160
7520 6260
7320 7960
8620 5640
6460 5900
6720 7720
6560 4560
4700 7280
6520 4520
7460 4220
6700 5280
6760 4220
8780 4340
7920 5520
4900 5620
6580 2060
7500 7260
8640 5740
6460 4960
7340 6460
6720 5340
8680 7280
7540 7900
5820 2180
7380 4540
8460 4180
8600 7320
7480 8200
5140 2040
6400 1860
4000 1800
9860 1880
7400 2320
6700 6060
8660 4500
8720 7840
7460 5540
8500 2420
8880 7980
8220 3300
8400 4200
7480 2400
9040 5720
6300 8400
4580 5040
7600 8100
7460 5140
5940 4360
9960 1800
7580 5420
6060 4120
4900 7060
7280 4580
9160 7480
5960 7180
5080 2880
5900 7500
8340 1540
7320 4460
8560 5340
8100 4320
6700 6840
8600 4400
5700 4400
8280 1620
7400 4220
7440 4240
9140 5180
6560 6660
7500 5780
6020 7440
7720 6220
8660 7660
6580 8320
5960 8540
6220 4140
8880 7140
4000 3180
9200 5180
8400 6760
3660 3160
3880 3260
7800 7400
5040 3080
8700 8060
8040 8640
9360 2340
6160 3240
5060 2800
7920 8280
7000 2260
8540 4620
8780 4660
5160 1900
6640 5880
8900 7320
8460 7600
7520 5840
4880 1640
8900 6860
7960 5260
5140 4440
8720 5240
8580 2240
5580 1480
4800 7780
7780 2820
5880 7260
6940 2240
8220 5400
8060 8460
8460 7680
9020 5600
8980 3240
8660 8360
7340 6760
4820 7060
8460 4760
8560 8460
9060 6560
3480 3080
5940 8620
7920 7860
6600 7960
5420 4180
6520 6600
9080 5500
7500 6360
3940 2360
7600 8480
4580 2360
6860 3240
7640 8260
8700 7100
5520 8340
8820 1640
5920 2020
8640 4760
8400 7960
8660 8200
7580 5400
8680 1360
5540 2000
5520 8500
4780 2080
6540 5380
5500 2780
7260 1900
3600 2360
6720 8520
6480 6080
8880 7320
4820 7680
9060 7240
7540 7360
7280 1820
6780 6100
6760 8640
7400 6240
9320 2260
9120 7900
9040 7480
4780 6920
6460 5120
8700 8140
8540 6780
6680 5740
8020 7940
8300 7880
7340 6860
5120 4420
4880 6960
4860 5460
3720 2040
6500 4900
8000 8600
9000 2740
8780 2440
7440 1960
8180 5320
6620 4040
6120 4220
6660 8140
7960 4960
8720 7560
8200 7420
6580 4800
5640 1680
7620 6760
9640 1780
4700 6840
5740 6960
8940 6420
8680 1500
7400 4360
7620 6520
4600 5380
6720 4500
10260 1740
7340 5440
8040 7000
4840 2180
8520 7880
8860 5880
4260 1540
7980 7300
6680 4920
6600 1880
5540 4060
4660 6300
7980 7500
8680 6080
4720 6500
8320 5220
8140 7120
5440 8420
6720 7900
7360 4720
5100 3100
8320 7600
8540 5420
10540 1460
7460 1920
6020 4160
7280 5620
8100 7340
7560 5660
8440 7280
7400 6680
7620 6000
6060 4400
7820 2900
9060 3280
6180 8300
4900 7440
7520 7040
8660 7920
7660 4380
4720 7840
9480 2280
9520 1760
3920 2360
8360 1380
8580 7800
10240 1940
8260 6940
5460 4140
6800 8420
8840 3080
8240 7840
8280 5180
8440 5700
6640 6440
8140 8580
6460 4240
6560 5480
5000 8300
7720 6580
8960 7480
4900 7720
4920 7580
8900 7840
6760 4420
8780 8080
7320 6260
10120 3240
7320 5980
3800 3020
9500 1820
6580 1900
5740 7620
8320 4080
7500 4580
8320 7640
5600 7140
8160 4840
7460 1520
8660 2400
9020 5720
7580 8540
8940 7700
5280 2260
8120 4340
7960 7600
6560 1600
8040 7620
7220 2780
3560 3300
8140 5260
7400 8640
4980 4380
8300 1660
6480 6840
4060 2340
8760 6840
5740 7600
8020 6940
4760 6340
8960 5960
6520 4580
7740 5740
4440 2860
9080 7020
6580 7900
9060 4660
7920 7920
8540 8360
4920 1920
4620 4940
7520 6280
5900 7160
7920 8240
7420 5740
7800 7220
8060 7460
6420 1760
4760 5320
7060 2740
9120 5320
8500 7980
8360 5280
9000 7220
8020 4380
8820 7440
4640 7260
8000 7120
8260 2780
4220 1640
8280 5020
8280 5420
7680 4740
6180 3020
8540 5460
6700 4580
8700 7420
7280 5660
4980 7780
4920 7480
6560 6960
6480 6220
7180 3080
8720 8280
4900 7240
6620 1980
8220 2820
9060 5180
7940 5580
4820 7640
4660 7480
7900 8100
8100 5040
8660 5940
8560 4780
9020 4900
5800 7520
9500 1900
7680 6420
7340 2300
6780 8400
8860 2980
8940 7600
7460 1880
8700 7660
8680 7640
7260 1780
7660 5440
4880 7740
5940 2160
5100 2820
7460 7560
9020 4980
7340 8520
8620 4620
4920 6260
4880 5000
8140 8100
8540 7800
6460 6000
7860 2900
7580 4160
9140 5820
7620 4520
5200 3100
5380 7000
8100 8580
8200 8420
5880 1980
7340 8060
6560 7700
4840 8140
8640 5460
6500 2040
5480 7220
4680 4740
8000 4380
8140 5240
8840 2200
4860 6500
8820 4400
7400 7220
4860 5260
7900 3160
3520 2080
8840 8280
7500 4820
6540 4380
5800 7100
8080 2140
8080 6960
8840 2900
7760 7200
8200 4640
9580 1980
7520 8580
7460 8560
6740 5200
8080 7020
6800 6340
7680 5880
8760 8360
6280 4380
5280 8420
9160 7020
7520 7620
10240 1600
7640 5220
8120 4180
6420 8640
5420 1820
6100 4060
9300 1540
8760 1360
8880 4780
6500 6320
5340 2140
7460 2060
5980 2440
7460 6620
5360 2040
7440 4560
8260 4800
8240 2380
4740 7120
8460 1400
8460 6980
4640 5820
7400 7000
4540 3060
6120 8460
6220 8620
6740 6120
4680 7160
5820 1840
8860 7240
5980 7360
7900 6680
8220 7200
7880 7280
7460 6160
5560 1960
4960 4460
4740 6420
9360 2360
8180 2940
4580 5420
4700 1960
5300 2900
5060 4620
8500 5040
7140 3260
7620 4620
3680 2180
5620 1420
7740 7140
7660 5520
5920 8460
8160 7420
7900 4460
6740 5380
9280 3080
4560 2800
7960 3060
7480 5860
7520 5660
8900 7500
9860 2860
8920 5800
6560 8020
8840 3160
8620 4320
5500 1520
5480 7140
7600 6040
7800 6440
8480 7820
8120 5080
8400 7680
8880 4580
7860 8060
4700 5180
8440 7040
9240 2960
7480 5140
5100 2880
9820 1780
6440 1620
3880 1380
8820 7900
7780 5120
5460 4120
7400 7280
4860 1740
8800 5260
8520 8220
4840 1620
4400 1540
7540 6980
7380 7980
8400 4180
9900 1960
6680 5160
6580 5860
8840 1620
7780 5580
10180 2220
8460 5520
5820 7140
6960 3080
7360 6660
5500 7100
5520 8540
7720 7380
8180 3220
4600 6200
6540 7140
8500 7120
5200 1700
5820 7220
3940 3140
9080 5720
7560 8620
4720 4820
4780 1680
6560 6400
9480 2200
6800 8100
7920 7200
4640 7720
9180 6240
4620 6560
6760 5260
8080 7100
6260 8280
8460 4280
7940 4520
6720 4060
7560 4840
8060 7000
5860 8580
6560 4160
7640 4380
6580 4500
9500 2180
4740 6720
7000 3000
6720 4180
7660 6680
6360 4140
5160 8020
7400 5880
9500 1460
7480 5460
7820 5320
7200 3020
4980 4360
8660 1560
8820 8040
4820 5840
4900 6840
4700 7640
6480 5380
5560 1780
8460 6720
8280 4100
5000 4720
6380 3220
6120 7200
5540 2020
6240 8400
8300 6700
5440 7420
7980 4840
8960 1480
8760 7940
7240 2300
7740 6300
8740 4860
6640 7720
4900 6220
10140 3280
6760 8100
6680 4300
8460 4120
4640 6740
9020 6480
8780 2380
7320 7880
4800 6360
7920 5060
6720 7560
4040 1840
5460 7160
8560 5220
8580 8460
8320 8400
8960 5820
4740 1900
5760 1860
8040 6980
7780 6320
7780 4740
7000 2340
8080 2900
5940 7160
6620 1500
5980 4240
7900 5540
6740 8420
7380 6560
6160 4200
7640 8620
8200 2020
8620 5380
8580 8240
7800 6580
7860 5620
6660 5260
7440 7020
8180 5080
5820 7120
6520 2420
5780 6860
7620 4160
6460 4040
6220 2780
8440 6780
6520 5780
5980 4340
6580 4600
9160 3120
8600 7720
6560 1580
7880 2880
8400 7040
8380 4460
8000 1900
4760 5360
10080 2240
6460 2300
9420 2440
8860 2320
4580 5960
6760 6860
5680 4380
5660 6960
4660 5940
9420 1900
8460 5320
7260 3220
7520 6920
7480 5120
7720 5600
8320 8500
9120 7480
4620 5900
8440 6660
4720 6620
8280 2380
8880 2260
8300 5500
5900 2420
4740 7960
4840 4820
3980 1920
4820 1680
8920 4420
10120 2880
7660 8460
8980 7440
5080 4700
6720 7860
5380 7220
5500 7340
5460 2020
7520 5340
6360 3200
7820 4600
8100 1860
8280 8620
7760 7500
9060 2860
6800 6840
5860 7320
7160 2380
6700 6500
6560 1500
9080 7140
6540 7240
9040 6760
10080 2200
4680 5740
5660 8620
8640 4840
