5000
7080 7620
5820 4580
7780 6400
7780 7900
10060 620
1000 1700
340 560
5340 1320
7120 3820
740 4140
3440 5160
620 4600
6000 1500
3740 1640
6560 8160
7560 7780
6900 4840
3300 3420
2820 3840
4520 9420
4900 940
6920 6180
6220 2820
8660 5160
3980 6920
2020 920
5100 6260
8280 4220
5380 5100
8680 4360
2660 3620
6420 3600
4340 5280
5460 4780
3320 740
4340 6100
4380 3840
6340 7700
4700 7280
9440 1640
5160 7600
6500 9160
6380 7600
7200 3400
2240 1580
5480 5400
9180 4960
980 4320
1300 4380
6620 4420
2520 3740
10120 1040
6140 7680
7860 3860
6400 8800
6880 8680
4400 8980
7120 4600
2360 3520
4480 4820
2120 900
5820 9460
2460 3800
5280 1620
10060 980
10120 960
7100 1620
4900 9700
1920 620
9780 1500
5540 4220
6520 7420
5220 9460
7600 8200
6460 6340
2560 5040
4580 6220
5920 3100
6900 6600
1400 1960
6060 4640
7820 1600
4620 3020
5220 5020
5680 4820
6800 4820
6800 6660
5200 2840
4620 8640
6180 8660
3020 4760
4340 6240
4900 6560
920 4100
6440 7640
8740 5160
6240 8140
10460 840
5340 9120
6520 8860
980 4340
3480 5460
4640 3480
5700 2720
1520 4980
9180 900
6400 6640
8140 4920
7220 3340
8640 3640
8340 4160
1800 3700
2560 4440
9240 1100
6140 4900
7820 6260
5320 1880
1180 3660
4660 7700
6980 8900
6280 6320
6020 1260
7260 6340
6900 5920
6180 7040
2060 5140
5120 6080
6520 9200
3480 5180
7080 6540
1740 4320
8480 4100
5260 9060
2700 5240
8580 1560
6420 6580
1620 1480
5920 8780
4480 1380
7740 3620
5420 6820
7220 1620
5340 8380
5840 8980
5540 7320
5540 2700
5480 8100
3980 7540
9320 560
6340 7500
4260 7140
3360 5160
3400 4000
8760 3840
8560 5120
6580 720
6240 9040
5580 5720
7700 6160
1920 1220
2820 5500
6160 8860
5180 3840
2420 4740
7460 3720
540 3980
4660 9560
8300 5040
5620 2720
6220 6920
6280 8520
6460 3040
3620 5280
5600 4400
5020 8580
5600 4600
5700 4820
4720 8640
5360 6120
900 4660
6520 3600
7860 4020
1060 3720
5440 9360
4380 7040
6460 6900
4400 7320
5320 8660
7380 4860
5360 7640
4300 5000
1420 1600
1140 4560
5680 8880
5400 8580
3700 1600
3800 4240
4220 8160
3640 1160
3880 5720
6600 1600
7260 4640
4800 1080
8840 4540
4600 4320
6780 8580
6880 5800
9420 4280
10100 520
2900 4980
4560 8940
3840 5680
6420 7340
2700 4760
8600 580
7040 1600
5360 9380
5680 2560
3760 5140
2440 3620
7240 8480
7820 620
3180 3620
4280 3380
6540 1220
4260 4820
720 4160
9220 4620
7840 5160
3940 3440
5200 7260
6660 7960
8560 5260
4120 5840
8100 4100
7040 8360
2060 740
4200 6080
4980 6980
8080 1440
9140 4740
8240 5040
4780 5600
3240 1500
4880 9280
7520 3540
6400 6220
7600 8400
5940 4360
7940 7240
6520 4340
7320 8040
8360 5160
8620 4260
5680 3300
4580 6360
4980 7560
3400 880
7580 8420
7140 6000
820 1080
7520 3240
6200 4440
4280 8700
5060 7980
4000 3740
7080 5180
8680 3860
540 1980
9540 4900
2600 1480
6420 5740
7600 1060
6280 8460
5540 6460
5820 4980
6840 6500
6500 4780
2160 4320
4080 4060
9220 1200
9040 5000
4140 6000
5480 8860
8880 1520
8200 4400
2800 4680
5160 1200
4700 7960
4160 5320
8880 4340
4660 6460
5560 1540
7060 5880
4620 7100
4860 8680
8300 3760
9680 4860
7980 7080
6480 6480
3380 440
3360 3860
5160 8680
7500 8160
8280 3580
740 3740
5620 1580
5420 3700
4580 7780
5500 5540
5080 7300
4340 3740
4220 6500
4540 7840
7600 3840
7340 1480
4080 9900
6180 6300
1920 3780
4580 9320
1900 1420
7100 980
4360 5180
7460 8580
3200 4820
1120 3760
340 680
4540 6320
440 4140
700 4240
7000 8780
4580 3620
7880 1960
6300 7980
8900 920
4560 6100
4760 4040
6860 5200
7640 960
4280 5220
3200 4020
4000 5280
6920 5140
6020 9260
1180 4900
4940 8400
4020 9660
3080 3620
2160 4300
4520 4200
3780 5120
4560 3540
6400 3420
5260 3260
4980 4000
4720 3820
9600 4960
3600 5480
4680 3000
1860 4760
7760 6220
4860 820
4120 7760
7280 8580
2060 1600
8420 4820
6940 4560
7900 7080
9700 4700
7280 7280
6880 8300
6060 4860
9320 4260
5560 7180
7520 3960
6220 6280
7760 3560
4200 9460
7660 3700
5040 5820
2040 3760
4500 7680
4880 3720
5440 6520
3400 1000
4600 5580
7440 6180
7720 7140
5580 9020
7380 8540
4800 5920
2700 1440
5340 4000
8860 4580
5260 9100
9540 4300
5280 8820
6280 8280
7300 7460
4940 7160
7820 7000
5900 4160
8580 5100
4640 740
3380 840
500 560
7580 7540
4580 9340
6640 840
10000 820
7640 4840
5120 9400
6020 8760
6980 8960
8180 4260
6740 5300
6200 6920
8600 1620
4460 7620
3080 1620
3220 3860
3600 5360
3680 5140
7420 5840
9020 4460
1460 1100
6520 3320
5460 5720
6340 7800
6680 1300
4580 9040
4420 6600
6680 6240
4300 1600
7680 8000
7060 7980
6200 4940
6320 7980
5380 6720
4420 7880
6780 4660
5460 8000
4160 9820
2640 1640
9260 1540
10000 1280
8360 3760
4880 1080
6220 6080
4340 660
4120 9160
5060 4740
7860 7360
5460 7120
6620 2900
9340 1660
6360 3640
3440 3900
3300 3860
4220 5340
5860 4940
7340 7840
6260 7060
4880 5140
4000 8240
3820 3700
4720 9240
5200 4940
5160 9300
7400 6640
7020 8540
8860 4860
8280 4080
6360 4700
4620 7180
4020 5980
4120 7620
4400 640
1740 4140
6920 1620
6700 6660
3700 3940
4200 3780
7200 5360
5960 8880
2740 5000
6980 4900
6900 7360
4880 9480
1560 1980
4840 8180
4480 9620
6460 1640
5420 5040
6920 1400
7440 6400
6040 1300
7680 6900
7400 6520
2520 1380
1020 3920
7400 3220
420 4140
6620 6460
2760 1020
5260 6140
5100 7000
3320 4920
4300 520
4120 9000
1100 1600
5020 8660
7460 7960
4300 3260
4700 5320
1640 3880
5100 1620
6360 4340
1960 4920
4000 8440
4600 7140
7020 560
6840 3360
4060 3260
4280 4100
9600 4520
7140 1300
5260 5900
4040 8320
7160 900
6340 6440
4860 5220
5420 720
5840 3560
600 3960
7080 1220
4700 7320
2440 5220
7440 3220
4060 1600
7040 1220
5120 6280
6220 4480
6960 6820
7000 7400
5220 980
4540 4220
8040 3600
2940 4660
5300 4160
4760 2800
7360 8400
6160 6340
6540 7780
5620 4400
7760 840
4320 6940
1440 1900
4400 8440
6620 8360
2040 1000
5780 8780
5400 8360
6060 8460
4420 9560
4460 7920
3780 1640
5440 5680
9740 4280
1480 600
2020 5000
5280 1800
6220 9280
9460 3900
4040 7360
8800 720
4120 5820
940 4800
9000 4420
6140 6700
6200 6700
8380 3700
3880 4300
5080 7960
3740 4220
3980 4320
3480 5660
3880 4940
1540 1440
6540 6440
1520 3520
8140 1140
2320 5260
4000 9940
4560 2820
2200 4320
2940 5020
6520 8920
6420 3760
5140 8780
7140 7700
4960 5020
6740 6460
7440 5180
4800 760
4080 5920
5680 4120
1720 5020
9100 3960
1160 3720
3320 1100
8780 900
2660 1060
6760 6520
7660 2000
5080 8240
4660 9000
6060 1340
7520 5120
4660 6800
4400 3400
3620 840
2540 5080
2480 3660
480 1620
3940 5320
5180 7000
6240 5880
2600 5280
5480 3960
5500 3900
7900 7540
2620 3500
6660 7740
9120 4580
1060 3940
8260 4800
4780 5820
6960 3180
4060 9220
6020 4740
3360 560
7440 6340
5320 1340
4800 7360
9380 1620
7160 7620
5960 5000
8320 1660
4160 7440
8320 820
940 1920
1520 1640
3100 1400
4560 8900
8240 5280
4820 5720
8600 1580
5220 9480
680 1220
3780 1200
5680 4340
2680 580
4140 9340
2900 5580
7760 680
960 4560
9760 4180
5560 3700
2020 3560
6440 3540
8840 4880
2560 1680
6440 7260
4880 5360
7660 6320
8960 5020
6620 600
7760 1920
5420 3420
1800 4080
5540 2640
4760 7460
1440 1340
1460 4820
6740 6100
7060 3480
6020 1520
2100 4480
4260 9220
6940 6080
4100 7120
4060 4100
8940 4600
1280 4220
9180 620
6360 8560
3260 3400
5220 6340
5220 4260
4960 6500
300 1220
4860 760
6500 7380
6080 3280
7620 4100
4040 1540
7600 4960
9920 1420
6560 4780
4640 7380
7040 4960
5600 8740
7960 3640
6220 5120
4620 6100
5540 2520
4600 6580
4540 6560
7180 1740
1520 840
4620 4140
6880 1420
3760 1460
5720 8660
7240 3660
8160 5300
8280 920
9960 4760
2180 1460
2060 1000
4980 5340
1100 3800
7420 4740
4840 9200
4600 520
5440 6360
4140 8980
4800 6240
8760 4480
5220 8480
7100 1280
5100 6380
1060 1680
4640 8140
8700 4260
7940 7060
7540 3240
4640 9240
7400 6180
5680 3080
500 1960
2620 800
2000 660
5660 3440
6780 8240
9580 4500
3680 5080
3640 1260
1040 1980
4760 5020
6800 3460
4800 860
4500 6320
10040 1380
4100 3520
8300 5300
7840 6540
4800 9520
3800 5420
8480 5080
4420 8700
3980 7660
8980 4420
5620 8940
7440 8700
7300 7820
1200 4160
1980 1080
9500 1700
4580 1400
4180 3460
7500 8140
7180 640
2460 4580
6860 8820
3860 5300
6700 540
3620 5560
6420 9340
4700 800
7020 5880
6980 760
5260 6160
9560 4900
4400 9260
4420 5180
4400 4360
4240 3680
7740 1120
6100 3360
5460 7100
4520 8060
4120 6120
7160 7020
8380 3560
5140 6440
7860 6300
1060 1200
5880 1080
7640 1280
7900 3700
4300 4660
4620 5380
5180 6860
2080 780
4280 1400
9160 1240
9960 1160
9600 4220
6660 8320
4780 6080
8580 5120
3480 3620
9640 4860
10100 540
7240 7940
3380 3380
4420 8540
9300 4780
5320 8520
5060 9140
8620 5140
1900 720
4460 7340
7920 7880
5180 6140
9440 1060
7300 5820
6480 1500
2480 3860
9240 4840
4420 8920
1480 3680
4300 1580
5940 3300
4580 7440
5340 6000
8180 4060
7700 1360
6980 3900
7240 7600
3700 4140
4760 9440
7720 4140
7880 800
7400 7360
4780 8100
8160 3460
4180 8860
5780 9300
9060 4480
6700 7800
6700 8540
5720 3140
7120 1460
4320 5560
760 4520
5440 4460
5240 5780
2360 5160
4220 7520
4240 8360
5300 6660
9260 920
4220 7960
5360 9520
6020 720
2200 4420
5400 7760
4040 6980
1600 4920
4440 4500
1740 3620
5580 4340
7060 3060
8580 5200
8920 1120
8220 1540
1480 1920
2380 3580
9200 3960
5300 3860
3500 4260
5780 1280
5280 9020
7820 7940
3560 1200
1360 1040
6480 1360
4520 7920
3380 660
6140 7460
5940 4460
7260 3700
4200 9180
6780 6820
7440 6540
7680 7780
6760 6760
3080 1520
4220 9560
6360 1600
6720 5920
1940 4640
1080 1180
6340 3660
6180 5960
3400 5620
6620 8600
5840 1120
4900 3180
5000 6440
4680 7020
8280 4140
3860 4360
4560 6340
9020 4260
5240 9000
4820 9580
6420 8500
2800 5060
4840 7460
7060 6020
5180 4360
6740 6720
3300 5440
6960 3500
4280 3880
4880 9140
2260 3500
4020 6820
1400 1320
4940 7300
5040 7720
8280 4400
3260 4060
4000 9500
4840 5600
5400 4480
7060 1580
6320 7960
6340 7360
7420 8000
7780 3820
780 4400
5180 1700
9460 660
5120 1460
1480 1120
5020 5460
5120 6600
7820 8060
2920 3660
4680 7680
4180 4760
6740 7980
2040 1260
300 940
3580 840
5120 5580
9460 580
5360 8560
3680 5260
7000 7560
8640 3660
3220 3660
6640 6300
4540 3200
6400 8300
6480 6440
4780 9400
4680 6760
6860 5320
5300 5400
3760 1440
6280 7100
8000 3400
2720 5300
7380 7420
5040 4740
3340 5040
220 820
6100 3140
5080 9460
5380 6000
8860 1140
5260 9180
880 4660
8480 5260
5080 6900
6780 5700
9340 4000
6600 7820
7680 7460
5560 7640
5860 9140
4060 3180
5520 7500
5260 1860
4020 5260
7340 8560
4300 9440
8280 3920
7840 5020
6280 4900
4420 7900
6260 6740
5400 4180
5200 5800
760 1160
5000 8380
5240 1000
8520 4480
7320 5280
4960 5500
5360 9080
3580 5660
4020 5500
2420 3760
4540 700
4700 3500
4440 5020
2200 3600
8180 1180
5140 7060
7280 7440
7320 8780
1600 1340
4660 9280
4200 6800
7180 1340
5860 8920
1580 1080
4960 9660
8140 5100
4420 6000
4780 3080
8920 1140
9420 1200
5480 7440
5220 1740
5200 7380
5980 3240
4160 5620
4480 9840
5360 9120
7260 3140
8040 5060
3980 7360
9020 4800
3300 920
7880 6460
5540 3440
2220 3740
3700 3920
4000 8360
5500 9060
5180 7020
7660 1640
4540 4340
1660 4320
860 1280
5580 6300
8140 1120
3340 3400
4800 1260
5300 7380
8700 3720
6780 5840
1120 3860
5220 8780
9600 4240
5260 6420
4460 3200
2520 720
1900 1280
5220 7440
6560 7100
5120 8840
6300 7740
7320 580
6520 3340
6580 640
4580 9400
4100 1540
8120 3920
7880 3840
840 1240
7860 6440
9680 3960
5540 5080
5040 4060
6960 5260
6020 540
8740 4720
4380 3580
5600 4880
2560 5180
4320 9820
820 1140
3320 4860
7840 700
3700 5560
3500 1000
6300 8720
920 4260
1140 4160
4420 6500
4740 7380
9080 4420
6840 7940
8100 3680
7800 800
5080 5100
4600 9080
4600 3320
1100 4260
1020 4840
6600 5120
7920 5080
6440 6820
7320 3820
5380 7540
5200 4180
3800 1400
7520 5080
3700 4180
460 4100
4420 3380
8500 600
4280 8760
420 1560
4520 6140
5360 5160
6340 1700
7740 980
6680 7800
5880 4360
4380 3160
8140 5300
8380 4940
2940 5380
3620 1420
320 2000
4140 4960
5000 3480
4040 9520
6340 8240
4080 6400
1840 4440
7900 5040
4960 7480
8840 4460
5600 4620
7160 6880
3260 4000
5440 9400
5300 9280
8940 1240
3100 3460
1540 3940
3820 5560
3660 5560
7000 1500
1320 4820
6760 6380
5460 4640
10020 4760
4600 3600
4440 8640
4000 5820
5280 1260
3340 820
6340 6160
1680 4220
2940 5100
4640 7340
4340 4320
3080 3580
6920 940
5240 5100
1420 1420
8580 600
6500 7700
6380 8460
4440 4760
7700 6440
6380 5100
8240 3980
10400 700
3520 3500
6640 6260
5460 3540
4400 3020
5120 9320
4320 3260
7300 7680
9860 1620
5020 8380
4740 4360
4460 5420
6700 3320
4800 6440
4260 4700
4860 7900
2800 4940
4760 7380
4700 5240
6260 7000
3180 1400
9600 4160
4460 8840
6220 6560
7220 7180
7400 3680
4300 6920
7920 6960
4160 4080
5500 5580
3720 1480
4920 9160
7240 5840
7120 1260
7160 1540
6020 4240
5900 3300
5700 8800
7160 8520
5420 7540
5280 3840
7160 6460
1780 5120
1320 4220
6680 3780
7620 6580
6900 7340
4160 4540
1260 4240
3880 5740
6140 8100
5720 4400
4840 3780
1800 3540
7700 7020
6720 4520
6380 8640
2460 4900
8560 1520
1380 1420
4020 6580
3240 5260
5320 1020
4760 760
3380 5280
8940 1380
7100 3320
7960 6620
6060 2780
7640 3400
2700 4940
5340 6760
6320 6520
9960 1320
6560 6960
4040 7640
1740 3520
2140 5140
5660 2780
1940 4820
6140 9320
4240 3360
5540 9440
7380 3320
5540 6440
3420 600
2700 900
7880 6980
8480 4460
4600 2820
3620 4240
5180 5180
4220 4220
5460 6300
6120 9240
8780 3860
8080 1400
8340 3600
7000 5280
5080 9480
2780 4640
5420 4620
6040 2980
4060 9500
3700 1640
4880 8400
2500 820
1380 3920
7660 6900
5140 3480
2520 3900
6960 6420
8440 3720
8520 4880
5960 1220
7640 920
7300 7240
1940 4320
6680 5760
5520 4860
6940 5140
4480 7980
5060 2760
8900 1380
8860 1440
4320 5860
6280 7200
4180 5740
6920 1500
8220 1140
5120 5820
8040 3700
1900 4880
8660 3980
6240 3240
4080 4960
1960 4940
8180 3720
6560 7480
7820 3720
6860 6600
7420 8080
2040 1140
4920 5780
7600 6300
5000 9260
5420 9180
5760 940
7280 8520
7740 6600
4200 8400
7840 5320
5440 3240
6940 7680
4380 9020
4400 3840
4120 8620
4920 7080
4680 9660
1480 1760
3400 3460
5220 7620
1360 1300
7740 5160
3580 5180
6520 3760
1380 1500
4800 5440
6700 7560
5040 3560
6360 7440
5800 2960
8320 1500
6800 5100
2460 5000
9500 4720
8460 4420
5900 2920
4120 6380
8940 4880
6420 6820
4200 4480
4400 9640
7740 6220
400 1260
9580 3900
4060 5940
7500 5300
3660 4300
6140 3260
5580 3540
4860 6400
980 4240
8940 4040
8980 4520
8740 4760
3460 5460
1660 1100
7520 7640
4620 8980
4440 5040
3560 3780
3320 560
4800 5820
1480 4820
7360 7660
4380 6580
7960 7300
6620 3000
7820 3760
8280 1420
4300 4320
4560 7420
6400 4540
8620 4820
7580 6960
3400 5560
2720 1700
7660 8260
4560 6620
4120 7480
7820 7760
4100 6980
4640 7960
2400 3460
2200 4520
6260 4940
2640 4900
7520 4740
1880 5000
6180 8500
6280 9140
5860 2720
4700 1880
1560 4540
5240 8840
2220 1480
9260 1240
2080 3580
3200 3900
9180 5100
6120 1660
6060 660
7140 3400
3460 5380
6920 7060
4480 4020
3640 1540
7220 1480
10040 4740
9200 1160
8460 3620
4680 6280
7440 3640
3440 4100
4420 3580
8740 1060
8600 1560
3200 1020
1260 4040
4140 3040
4980 4200
3000 4760
5060 4800
9400 760
4780 6660
5360 2580
7920 3860
3120 5220
7420 4960
5940 4960
7460 8600
1880 4640
2900 3480
5380 9580
5100 7040
1700 3740
6340 6620
4620 3700
3680 4300
8800 1180
7160 5820
3940 4200
1780 4680
7020 3200
6980 6580
3720 3900
1620 1520
3980 6000
3460 900
6860 8520
3160 3740
7560 3640
4220 8080
5000 5180
4680 9820
1060 1620
3360 4740
5020 8880
7520 5940
2120 700
6100 4880
3960 4000
2400 5140
8220 5320
6420 8660
1460 1720
3800 1680
6120 9260
1860 4880
1960 4460
5180 5660
4440 9340
6860 7700
7560 6900
6400 3680
4080 7160
4100 5740
3400 5480
7640 4020
2420 5140
6160 7660
7380 6380
3640 3840
3860 4140
7580 7220
5140 5380
4560 6220
6520 7440
6760 9020
4680 7900
4800 960
5860 620
6360 8140
4860 8080
8740 4200
4000 8160
5220 8860
1940 940
5580 5300
3180 1160
6120 660
7800 5280
4340 4760
9660 4020
1560 5000
2560 1220
7860 5360
5560 6580
7120 3120
7320 3180
8800 3840
4500 620
7020 8020
8980 4540
6020 1560
760 1260
9820 4120
5020 4280
5280 3060
1120 3840
6240 4320
5500 620
9080 4560
6720 7260
1720 4960
4620 8580
3500 4820
7500 3480
1520 4860
4640 8360
3680 5620
4240 8460
2300 1520
6980 7540
7600 3540
8920 4260
9560 4820
5480 6320
7820 7840
4700 9000
3680 4320
7760 5220
4300 4840
7340 8740
5580 6920
8140 960
6820 3860
4640 5300
9480 4820
800 4180
8620 3840
9340 4080
4540 4840
5100 7160
7540 7080
9920 980
5020 8980
2620 3800
1440 2020
9340 880
7140 8060
7900 5160
5480 9540
7240 5940
3140 5040
6420 760
4580 9540
9320 1440
2400 3380
4920 2980
6640 3220
5780 8860
4640 6120
7480 6280
460 1580
6240 9260
5280 5420
4740 3620
6440 5040
8500 4240
7640 940
6160 4300
3520 5720
7140 3500
3780 4280
7960 3840
9300 1200
2900 5440
3180 3480
3100 4540
6200 1640
4800 8620
5280 3860
7020 6040
5360 5940
5440 6400
7740 6560
4900 6040
5040 7460
5280 1220
6080 5040
4780 9560
3140 1220
1480 4300
7520 6500
3080 3840
5900 9260
4760 9100
5340 8760
4100 3720
7620 6180
4040 7600
6420 5040
9880 940
5380 3680
3440 5420
5560 6320
5660 9380
6240 8260
5800 2980
8340 5180
6900 8380
4420 4900
6080 1480
4340 6500
7160 3240
2360 4520
1360 3840
9440 1100
5000 6660
3620 4180
7060 7940
7480 6740
6780 8100
7000 3720
6820 6120
9040 5160
4580 520
9280 4620
5900 8820
4180 9700
1100 4080
3680 4860
7100 5820
6800 5840
4000 9600
3360 4760
7300 5980
7200 7080
7500 6680
1500 4540
4100 5020
5140 4140
4040 4620
4800 8820
4440 4440
6180 6200
9520 1560
1360 3880
9320 1480
8500 680
5280 8320
7100 7580
7780 7580
1820 4280
7580 7240
1460 3640
5360 7920
6280 6920
7480 5940
5540 3200
7480 3580
9140 3920
7400 8180
9300 780
7740 1980
7280 3740
7220 7040
4400 1900
2340 4420
840 1960
1000 4680
4660 6660
7060 6820
5920 4520
5520 3540
7180 6200
7300 7420
3020 4060
8640 4820
4700 4880
4300 9760
4460 5440
3260 5160
2280 540
4680 4380
3720 1380
380 720
8320 1640
8480 540
960 1380
10040 1160
4380 3020
4060 7680
6720 4980
4960 7620
2080 1520
6860 6780
6200 3360
4000 4500
5060 6440
5380 6080
8020 4160
3720 3580
5280 9280
1700 3660
2660 3440
5320 7820
7340 3220
10020 1120
4400 3460
6780 6220
5540 7680
7680 6180
7740 5300
3900 3760
520 580
9320 1200
4840 9440
6820 3400
4620 5360
6680 5920
7900 4860
760 1900
7760 8040
4740 1880
7540 5020
4340 4480
5660 9140
6140 8400
5200 8480
4820 4620
5480 7960
5340 4620
6420 4580
8220 4280
4160 8380
2660 4520
9040 3800
1440 1960
4980 8160
5520 8280
7280 6300
6040 2700
9920 600
5880 4420
4720 6120
3940 3220
5500 6780
4660 4960
7180 5900
4460 1420
8160 940
5780 1200
6840 6960
1980 3580
6980 960
1400 4100
4480 5320
5340 6220
6500 3420
5520 9060
4360 5740
3440 5600
4200 8240
6900 7120
4500 8260
7180 8320
4260 3620
6780 5120
5360 9040
5320 4980
4420 7660
5080 8960
5500 6600
3000 5400
10100 980
260 940
3000 4660
8600 4500
6480 4480
2920 4060
6980 920
8060 980
5340 4200
7760 3900
10000 4460
1020 4780
2280 5120
6900 6740
6600 7460
9260 1600
5140 4200
6420 8080
4400 4200
5560 6840
2580 4520
7060 800
620 1960
9260 1580
980 1560
6740 5620
8660 4560
3080 4900
7660 7940
3580 5580
7180 6380
7300 7660
1460 4580
5280 6960
4400 3760
5460 7560
8620 3640
880 4240
7460 8020
7920 6800
4280 4080
3920 1580
7980 7340
5540 6080
5400 8860
2400 5100
7580 7720
4280 9300
4580 6500
6420 3140
4920 4720
1020 3740
4180 7580
4620 4260
5140 4940
7360 6760
4640 1280
4260 9060
4560 5720
720 4220
4740 3580
6460 8020
7040 5660
3680 3480
8160 4920
4520 5740
7300 6480
6500 7560
8800 4360
7580 4840
6300 620
5260 4700
7020 6280
5080 5340
2980 1360
6260 9160
4260 4760
4460 7500
6620 5860
4720 8020
7960 5220
3360 4120
6780 4800
4100 9460
8360 1680
9420 1080
8820 5200
1580 1600
3180 3800
5660 1680
1820 4220
4920 4060
1820 4460
5100 4040
3900 5640
5300 7660
6500 1520
6320 4280
2640 4880
3640 5100
9520 1640
4060 5620
8800 1120
1080 1580
7020 3100
6760 8000
4160 4060
5980 4760
3920 5260
4260 7000
2240 4320
4160 3620
4140 3480
5480 2600
5820 2920
6140 8900
4200 9580
5500 8680
5440 7480
7400 3440
7620 6380
4500 9400
1240 4880
1580 4720
6940 8180
1480 800
8120 820
2540 5320
3740 5740
8880 3900
5380 2580
6500 780
7360 8640
4600 9060
4860 7820
6860 7180
4800 4780
5100 4600
3800 4080
8340 5020
5680 3480
8160 3620
7500 7380
7420 3700
7200 7320
4120 5000
1100 1400
7720 1440
7800 3980
5200 4900
5560 4020
7400 5860
5940 4680
4600 5960
7760 3620
1920 4380
4440 7660
7840 8040
4640 6700
8220 4340
4960 7540
1220 4760
7500 3920
7400 6120
7340 3900
4480 8960
1700 4480
6340 2820
5180 6520
4720 8220
7060 1800
4320 1840
4300 7460
2360 4840
6260 4580
4180 3860
9820 800
5280 9140
7140 7920
6200 4760
4200 700
4340 3360
6040 3520
4500 9440
4140 7780
5220 6440
5000 5480
4160 8580
9960 1420
6160 6020
5980 5020
5360 1480
5040 3500
6860 7920
5520 1500
4880 8020
5620 4320
8380 3660
7240 8720
6220 4800
5440 5900
5060 7220
4780 8320
5420 5580
6900 6900
1520 4080
5360 9440
1140 1700
7040 1680
6960 1200
4660 4120
8920 4720
4780 5060
7340 7060
4960 4340
6540 8520
4040 8380
4320 7520
2760 1500
3240 4860
6980 5100
4520 8600
4420 3180
4140 4980
4720 9160
5000 5620
4000 7120
4700 9780
4140 3840
6500 3060
6260 6280
7960 6680
4400 1840
6240 7400
9900 1580
6000 3560
5720 4520
8000 4980
5200 9440
5240 720
4100 6200
4340 9040
5200 6180
4120 2940
4600 9640
6260 9060
7640 6100
4960 5340
7100 860
760 4020
4880 8200
5060 2800
5820 4660
1320 3880
400 620
5200 4260
5680 9060
7060 8200
2680 1440
4060 5640
6480 520
9580 4460
5180 3180
6400 7760
2560 5320
7720 720
4260 9140
5000 4020
6120 9020
9840 1440
7060 5340
7020 1520
4320 6980
7300 5200
6280 8180
4400 4300
1600 1980
6940 880
7520 5100
6720 9140
4680 8480
380 1500
2740 3880
7300 3760
7400 4000
5700 3180
6480 8260
7460 5260
7320 3300
4680 6420
1600 4480
3980 6200
4140 6040
4720 8800
4420 5280
7000 6200
8020 3480
7860 1640
5240 3560
9060 4740
4440 5800
7340 3940
6120 3380
9460 5040
5180 9620
2520 3580
4240 3200
6600 3300
7320 5340
4040 7440
7680 6820
4900 8280
6240 7940
4580 4440
5640 4500
6060 3400
6320 3000
1500 3780
5860 900
5540 8000
8520 3760
1240 4220
9120 4820
6680 5100
9480 4540
6240 6360
1640 4920
5120 1000
4940 5100
5520 5020
9060 4120
4620 9520
6820 6640
4240 6020
4360 5320
7320 4940
5120 5760
7080 1800
6260 3460
2120 1360
4940 2940
1540 1900
4620 3040
10060 760
6560 5660
6720 5180
7100 3220
5240 7660
4740 8520
6300 8180
4040 8600
9420 3920
5560 9260
4240 5160
7800 7540
9400 3960
6220 7440
5400 4280
5900 2880
5220 3520
9760 1520
8020 3500
2740 4780
6880 8480
2700 1700
6200 5880
1460 3780
4380 5200
2500 3400
4280 8480
6800 6340
7080 8220
6200 3340
6200 4580
7880 5240
6560 6620
5440 8320
5980 8820
2460 1520
760 3800
4240 5640
9560 4660
4240 9680
5140 5440
5400 3300
5640 1580
9620 4900
3080 5200
8360 3820
7180 3480
3720 4160
6120 9300
4340 5500
3240 4920
1060 4780
1440 1040
9880 1220
520 920
5280 5040
7440 7980
4860 1060
4360 9800
8520 3840
5520 4400
4420 9360
7600 3860
6560 4760
5460 4460
3940 4280
5400 6720
9020 4900
2640 4520
7700 760
4980 8940
4340 9720
8060 1080
3640 3860
4620 7580
1740 4240
3940 3720
9020 5060
5660 2620
5060 3260
1620 1420
5460 4660
2640 880
520 960
7340 7240
3720 3980
7120 7920
6080 8780
4900 3820
9080 4580
4100 6940
280 1840
3340 3860
4080 3080
6460 3120
2880 5020
3600 3900
4580 9140
7740 6340
3280 5480
5200 4980
4000 7160
6580 5100
6420 7880
4140 4560
520 1540
5480 1680
4600 9720
5140 5120
5040 8620
7640 8180
700 4280
8080 3920
2520 4840
4360 3740
2600 3720
6540 4760
7620 940
5880 2660
4900 3480
3280 5600
5460 7400
5880 8880
8940 4960
5100 6460
9880 880
9600 4560
5820 3180
4100 9900
4420 5520
5320 6900
6000 3300
1660 3680
9220 4260
2660 4860
3180 1620
4580 3940
4900 6700
4880 6440
6580 7560
4600 4700
7660 5260
5380 4040
5480 2680
6180 3420
7680 4160
9200 4700
7680 8260
5120 8900
4240 9760
860 3940
6460 4360
5100 8400
4560 3860
6500 8980
4980 7580
4360 1900
5920 4260
5080 9560
8260 4820
7780 4200
7660 5000
4560 3520
2100 3500
6380 8140
4540 9140
4440 6580
5120 9040
3600 3940
8740 4140
4740 5280
9320 4020
6980 3020
6320 1620
8260 3500
4320 4680
3800 5080
4360 4960
4580 5620
6560 5040
4400 8820
9300 960
7120 3600
3940 5500
4460 6340
1900 4920
1520 860
8600 4020
8440 1580
6620 3200
9620 4560
6640 820
7500 7140
5280 4580
3940 3200
5300 3380
3560 3800
5600 2640
5260 5240
7180 820
8160 5180
4440 8620
5340 5640
5040 4420
2940 5300
2840 4900
2040 3580
5180 7480
6980 3940
1880 5100
6980 1380
5560 7900
6020 780
4240 4400
7340 6160
8560 4940
5260 9220
3100 3680
6520 3660
7580 4920
1880 4760
3420 520
4160 3180
1380 4060
5300 7500
6580 3680
7600 5180
7360 1480
6600 7700
5860 3180
9460 1380
5320 6080
7160 8020
6040 1580
8040 1120
5320 8020
5860 3400
4660 9400
4840 4480
7940 3720
5920 800
8640 5240
4460 5460
680 1120
5460 6100
4080 7600
6220 580
5260 9260
1020 4480
5580 4460
4040 8860
2820 5440
5020 6060
3600 860
2960 5060
7260 1520
6520 3620
8500 3760
2160 5260
4860 9680
1340 3920
2600 1320
5640 1660
5100 3300
4160 6900
7380 5980
8800 820
7120 6140
3480 3580
3420 580
9020 4400
2720 3600
1020 4000
8080 3660
5240 5380
5260 8880
4500 7280
5860 8780
10100 1120
2760 680
6980 8420
7060 5720
5960 4360
6860 6620
1200 4640
3660 3760
6520 7960
8260 3980
7260 8140
6680 1080
5560 5880
1880 3540
7080 7020
5000 6040
4680 6960
3900 3820
1560 3640
6420 8460
7600 6060
4440 5080
2700 5180
8720 4040
5860 3280
4840 7000
1820 5000
3400 560
5380 5000
5400 9460
1260 4020
5040 5540
5360 4140
5380 9100
2780 3700
4320 5340
2300 4400
4120 4820
4040 4060
6760 3300
5740 2760
5240 4160
4500 7180
9620 4420
4440 9420
5440 8140
6760 6920
3680 5100
7860 3920
5200 9180
1960 1160
2080 4580
5140 3920
9000 4440
4320 4140
3940 5880
5180 1400
8240 3740
4260 8780
6880 7440
4700 3280
2220 5020
7040 3780
3960 3980
460 600
5500 7540
1880 3860
7700 1820
5460 1600
6160 4240
4600 7540
6760 7540
7320 8460
9860 1080
4880 7820
6280 6340
4000 4240
7980 3440
7500 6400
1680 1100
4820 1340
5020 4140
6500 2980
7220 6940
4360 6400
4220 9100
7800 8120
4900 7380
7040 6300
3540 1200
7420 8360
6720 9080
5460 7620
2820 3980
4720 3400
5200 3000
3800 5300
4160 6220
5200 6600
6520 2840
7120 7180
4800 5860
860 1900
7620 3340
1200 1420
2700 1300
5000 9340
6940 1180
7780 1340
5140 5540
4320 5920
3740 1080
5240 8080
5200 8780
5040 7860
6900 1140
4620 7840
5020 5100
7540 5260
5900 2860
5580 8400
6000 4280
9240 4800
4720 2020
5140 3100
5020 6280
6020 4820
5260 7700
6480 4560
9820 860
620 4200
5100 6740
5160 3360
6880 3960
4880 8860
5380 5680
1980 5100
2460 5260
7900 3560
6900 1540
6560 3600
2340 700
2040 3720
5340 4280
3180 3960
7600 8240
5140 1460
8840 5060
7680 7620
5260 6580
4260 9580
1500 1600
880 3900
5880 8620
8240 4160
1740 3640
6220 8800
6840 6820
6980 1120
4940 8200
4420 6140
2340 4700
4860 4540
2340 5000
6780 7340
4840 6000
7100 6660
2360 3620
4240 9240
1260 4560
3020 3440
7820 6480
5220 3360
2120 1620
3500 4300
2760 520
5740 4220
8160 3800
1440 1600
1600 1400
7580 6060
1560 1520
860 2000
3980 3220
8320 5120
2120 600
1860 4640
8780 800
6260 7880
8900 900
960 1500
3760 5560
2760 1380
5800 2900
6500 1200
5920 780
6940 6240
4480 7120
7040 8260
6700 8100
7220 7960
7040 8000
8440 3880
6180 7580
6920 7480
7680 7120
4820 3560
8320 4120
7620 6940
2680 3760
1200 4780
5740 3380
6720 3740
1640 3500
10060 1100
4000 5960
1600 600
5200 6260
7020 7440
4020 5060
3000 3760
4980 6560
4320 4460
8640 5200
4260 5800
6680 5000
6980 5220
5940 820
5840 4620
6880 3860
5280 6640
5820 2640
9280 4160
1360 1720
8880 5200
2180 5120
4320 6740
8400 1460
1880 960
7560 3520
3260 5080
8240 1440
5720 4120
6780 8800
6680 5300
5940 1160
7100 6200
6480 5740
7180 7600
4240 6480
4320 6640
1120 4660
1760 4920
6640 7400
4800 9000
4900 7300
8720 4660
8080 1320
2960 1500
4940 7220
5200 8200
4460 9740
1440 4980
5620 8900
3400 4160
7360 8580
5260 3160
7700 4860
6200 4920
3220 960
8520 4440
1680 4120
7600 7580
1240 4760
9220 3720
6000 4340
4460 8440
1700 4040
6700 5960
5880 5000
7360 5100
5360 8180
6760 3260
5240 7180
6500 7400
4740 7320
7700 3880
7180 5200
9260 1300
5240 5920
5180 3740
7060 6220
6920 8680
4500 6900
8660 720
6520 6760
4620 4980
6360 7320
9080 4320
3200 1440
4340 4340
8520 600
3080 5000
1780 4980
2000 980
4380 9860
9160 540
7620 3620
7480 3260
3300 700
6640 4760
6560 6180
4460 7960
6120 3480
9160 3860
8020 3900
9440 1320
2660 620
5380 7280
6200 9200
420 1300
5360 3880
7120 6820
4140 8000
8020 4000
1400 1580
4800 8360
7180 4600
6340 6640
5400 4440
8340 3800
4100 9440
6580 4660
4660 7320
8500 5100
4480 6560
4300 4800
7000 5980
4980 7200
6980 8720
5460 5480
5220 3800
5840 3500
9920 4720
7680 6140
4400 9360
4640 6500
7460 8420
4940 4240
7460 8560
4920 9400
5800 2580
5260 7060
5260 3540
6980 1800
6460 7740
4760 6320
1920 4840
3220 780
4920 3040
6780 7600
1920 1160
6500 7960
3300 160
5680 2720
9260 4280
4380 7620
4720 6580
6600 940
7000 8060
2200 3920
1720 4060
8760 4420
7460 8340
7860 5120
5060 8540
4860 7360
3060 1580
9740 1480
5920 1480
7920 6720
5280 2960
5920 4180
4240 5200
1980 4540
5280 4540
6520 3680
6320 4760
1480 3900
5560 1700
4800 1920
4320 8860
7760 1680
7660 3940
5780 4400
2980 1700
2880 5140
9540 4280
2640 1140
7060 3580
4080 4380
5280 8460
9220 4520
8660 4880
5240 8420
5340 1020
7020 6820
9860 1060
3180 1080
1020 4860
4760 3420
4220 7120
5040 5880
4500 5600
7060 5240
7140 3200
7120 7420
9380 980
4080 4260
3640 4860
4180 7900
1520 2020
4740 3760
5520 4240
8600 4520
4900 7640
7740 5220
6440 3680
4820 1320
4840 9360
10560 580
10020 800
7780 1860
4400 6900
8280 1380
7140 5040
9720 4200
1220 3640
6900 4600
6140 3000
5080 4820
3340 5200
480 1720
5900 2680
6060 3580
9260 860
8640 3920
4040 7740
6160 5860
9220 4560
2160 4460
6940 9040
2620 1460
7640 3680
7120 8060
5560 3660
4200 6560
6320 4340
6740 5000
8780 4520
2580 5200
6380 4380
9500 1620
4580 1960
5200 1020
6920 1480
7640 1620
5560 5440
4440 9180
5020 6420
6460 8220
5880 820
3220 300
9040 4080
4060 2980
9360 740
5160 2700
8080 4360
5400 8880
1680 3880
8980 4900
5500 4160
5240 1220
6240 8840
3800 5360
7120 3480
5060 5320
5340 1760
4340 3500
5200 4960
6560 5120
4940 9420
2640 3420
3560 700
1920 4400
7860 4180
240 1340
4540 8140
5200 7600
4620 2820
6500 7340
6740 6660
6400 6780
3520 3980
3160 5360
8840 5120
1840 4740
5380 6640
6020 1240
5200 3920
2580 580
7820 5140
3700 1160
3160 4940
5820 3140
5320 6660
5660 8840
6800 8000
4040 7760
6180 3560
2100 560
6120 5040
6680 8960
1580 4260
1680 4980
6160 1660
4120 9780
4720 7500
6880 6600
2820 4000
5280 7320
4780 6120
1980 900
6140 3160
4820 4760
5000 9220
1000 1840
7540 6860
2860 3420
3160 4040
5120 7060
7460 6320
4620 1400
6600 7960
4280 5180
6300 2880
4220 6120
5260 3840
6680 5720
5340 7740
1000 1240
5220 3500
4740 3060
6920 7820
4080 6420
6140 7340
4120 8680
5380 4640
3520 1040
1480 1500
5100 4160
6280 9300
3800 3460
7320 4020
7060 700
260 1900
7760 6600
4600 9380
1160 1580
4080 1480
7860 1140
6940 6000
4760 920
5160 860
8500 4200
4140 6900
1320 3900
7120 3280
5860 1440
6280 7340
6600 760
4040 5480
5300 8600
7420 4840
4380 5560
7000 780
6000 800
6180 7700
7360 4000
4340 6840
4440 4820
6040 3460
4880 9360
9220 1700
5160 3640
3760 5380
8120 3840
8460 4760
2140 3660
3500 4920
4420 5480
6880 5880
9820 620
6640 1060
2760 1100
4060 4980
7280 6180
4080 3220
7700 3620
6680 5280
1840 1240
9700 4320
6340 8140
5460 6460
4860 7700
3260 500
2260 3460
5460 6540
4140 5620
4560 4580
7200 8780
6260 620
6560 4520
8040 3540
5060 6260
1440 1460
6060 2820
6500 3760
4160 6260
7440 3380
4820 7000
7300 7160
4720 9280
2200 3640
6020 3360
4600 3580
5140 2840
4700 4520
6880 4480
5460 9020
4060 3440
6620 3260
6600 8620
7980 4060
2520 3780
6060 4200
3020 4020
4940 5040
6960 1420
4860 2720
6180 4280
6500 7320
7060 3740
500 1040
4580 6740
5220 6220
5220 5460
4380 4620
4840 2020
7840 6960
7200 8820
1560 4660
4580 7980
2440 5340
5520 8500
4800 6480
5260 4100
7280 8100
4760 7060
6680 5200
6420 6480
4960 2980
560 3840
4660 4240
3100 1440
5300 7780
6500 9100
4240 5840
4840 8720
5500 5760
4080 6060
7760 1160
5240 5940
1500 880
7000 7140
4700 8760
3040 1560
4640 9560
4640 7140
1240 1560
360 700
6420 3780
1380 680
2880 3420
2560 680
7300 3680
1680 1240
7040 3120
6920 4560
8540 4180
1720 4660
5840 3060
7540 6780
980 1620
5400 4660
8740 960
5980 4680
8080 1420
2760 800
5500 4200
4760 8620
6760 8700
9760 1660
4080 5580
5200 5680
9280 660
5160 1560
5300 2640
5680 3460
5260 8180
6500 3640
3060 5320
6480 7480
5360 4900
6920 6360
6240 6040
3340 5460
6240 3380
860 4680
9880 4580
9460 4160
5940 8900
300 1260
5160 5460
6340 3600
6340 1560
1120 4040
2500 940
3200 820
8380 5060
7520 4120
3800 1700
4460 8780
2660 3600
340 1700
4280 6960
7340 4980
7420 7300
6520 8320
6340 4520
8920 1240
3660 4040
4820 8820
8660 3760
2580 1360
7520 6760
4480 3240
4980 7780
6480 3600
4640 3940
7220 8320
6180 7920
3360 200
7860 7920
6960 6120
7560 7180
3380 3580
8560 4320
6760 6980
8960 4640
8820 5100
4440 600
1880 4240
5100 1360
6380 7820
7260 7640
5180 7460
4720 9000
5920 1120
4320 9880
1840 4080
8340 660
4720 5080
6800 3300
7060 5660
220 1080
880 4080
5540 6880
5740 4860
9720 4440
6620 8480
7320 5800
4240 7940
8560 4860
4060 6700
3980 6440
5420 9580
9220 3920
5220 6520
7060 7560
4180 9760
2320 4440
7340 7480
6640 6000
640 4060
8640 4480
6720 7940
2220 3880
6660 6640
7780 1220
4680 620
7480 8040
7800 7140
7160 8780
6520 3400
4900 8040
3280 3400
7900 7520
3260 400
5920 2860
4840 6220
4300 4680
7560 5320
5280 7580
4180 3820
7680 3840
6440 8520
8200 5160
4200 5440
6680 1060
4480 4220
6540 3600
5220 3300
2520 4640
4820 5740
7620 4220
7720 6580
4400 8420
6240 5020
4440 8200
4640 7480
5780 740
7000 3380
7620 6760
7500 3640
1500 1140
8260 1520
1680 4060
4020 3220
8780 4620
6980 6560
1900 4360
6100 1460
8980 3820
3380 4980
4920 6420
5920 4160
920 3920
680 4560
3600 1360
4940 8340
5160 920
5920 4860
6040 8660
2220 5000
5840 4320
4500 5120
1720 3680
7400 8620
6320 3320
6280 3200
4140 1360
6880 1180
1820 4440
4300 4060
4800 3860
5200 840
4260 3480
4480 3100
5860 4860
8220 960
7700 860
6680 4440
10340 700
5040 8640
8100 4080
5160 720
8800 1400
5100 6080
9640 1700
4540 5660
5700 4200
2020 3580
6240 2980
4160 3800
7720 7620
5860 9300
6560 1500
5980 3280
8400 3820
9120 5180
4500 7660
4440 9700
6680 820
3800 1440
9180 4860
7040 4820
2260 520
2420 4520
6380 8080
8360 4440
1940 4680
6920 7780
6800 4780
1440 4100
6680 7660
5300 9200
6640 1000
9540 4320
1880 4600
6640 1160
4800 6700
6560 7540
5920 3380
2520 5220
7700 6080
3820 3960
9320 1400
9040 4360
9780 1420
3920 5640
1520 4500
8520 1660
7140 1380
6780 9060
6200 6860
4620 6380
7100 5100
6860 5280
6260 6140
2020 3900
5240 1540
4480 9440
9100 4480
4160 600
7980 7040
8260 4100
6920 3940
1620 1080
7040 6540
5420 6280
10000 1340
9820 1180
8540 4160
7020 3440
6500 9120
6840 7680
7480 8380
5320 4900
4880 6200
8200 3800
4340 7120
6100 5040
6600 8280
4980 6920
7440 5200
7800 900
4800 3140
400 520
6560 6840
4780 740
1840 4240
8500 5220
4660 3700
5000 6500
5700 9060
6700 3640
2680 3520
6700 6900
4060 9000
4980 4080
5480 5900
5180 5920
3560 4280
1020 4500
1880 4440
5200 3880
4260 8020
3260 4780
4540 6340
3100 5280
6900 1800
6500 1680
6540 8860
5640 8760
7240 620
3640 5360
7660 1880
5200 2940
7620 6120
4180 680
8660 4920
9160 700
8720 1360
2340 5260
6640 3420
8460 4440
5460 3640
4260 7440
6240 7920
1560 1080
1500 1420
3880 5800
7500 6120
2560 600
3860 4340
5380 3820
5480 2740
2600 1440
6440 7800
7160 7180
8340 620
5080 4760
9400 4520
6440 3320
5680 2860
4920 6220
2700 5440
8340 1360
2600 4800
5880 3000
8180 3900
8020 3800
4840 6940
6580 6360
8780 840
6400 8560
6940 7920
7180 6800
6320 7320
4700 5560
4680 2900
6100 700
500 880
520 1980
5800 1340
5480 8480
7860 6920
3560 720
6580 7960
2360 1640
3980 4780
9440 1020
4100 4720
4380 4060
7260 7980
4700 7760
6820 8380
3300 4920
8020 3400
7800 780
4700 6180
6440 5080
5260 5840
2960 1480
5200 7320
5020 3240
5080 4500
4100 6440
4620 6460
4060 7540
6700 4760
6720 5040
5360 7600
4680 8660
4000 7260
3760 3560
7880 1780
6580 2880
7600 1040
4560 3080
9060 4800
6080 5160
3020 5420
4320 9380
4620 4480
3620 4200
7160 8700
4980 5700
5400 7600
1820 3820
4920 2860
5920 760
1680 1540
4180 9560
1840 5080
5140 7460
9460 820
5320 4020
660 3900
3140 1440
5080 8940
5220 1440
5380 1760
4880 6900
5220 6040
7180 3260
9480 4880
4680 5660
6220 8900
8720 4720
780 4280
4160 8100
6460 7880
1520 1980
2440 5120
1480 3820
5540 8420
1740 4980
5500 2820
7620 3980
5160 3420
2360 4620
5040 3400
7880 7080
8780 5180
4220 5420
4060 1440
7900 4240
9120 4740
6060 620
3900 3580
4040 3460
5480 5600
7260 3580
9200 1100
6320 9140
1000 3800
6780 7500
2660 4600
8320 4180
6760 3480
5300 3060
7680 6340
7100 1860
4960 7140
3180 3980
5280 5360
4420 5000
4880 4180
1620 1360
9380 620
8000 5260
1340 4880
240 1200
3060 1300
5160 1840
4760 8820
7120 7980
8980 4180
4540 4100
4640 4920
7360 6220
5240 1440
5140 3160
3560 5220
6660 620
4040 3280
3340 320
6700 5700
5500 4920
7300 6600
4460 640
5580 4680
5280 9460
4240 9460
5580 6760
7080 6820
7080 1160
9380 4360
4980 8520
6540 1360
7320 7260
3880 1620
7780 3520
7120 6940
3920 3860
5800 920
7900 6940
5500 540
4300 8800
1420 760
4380 7480
5840 2860
8940 4400
1300 4040
9280 4640
7260 4840
6220 3140
6760 7520
6520 3460
5960 580
3000 5040
5260 8000
7740 7700
5180 7220
460 2020
5160 4200
8340 3740
9720 4060
2760 4940
3120 5000
4160 7940
5440 4140
7400 6620
1200 1720
4920 2800
7120 7540
8560 3880
9080 4820
5160 1680
2900 3940
8960 4280
9100 4960
4100 4800
6880 5220
380 1260
260 1420
5100 1860
5240 9320
8520 5300
6660 840
6620 8520
840 4020
1020 4680
4840 860
8420 740
4500 5500
6440 3240
5140 6080
4260 560
4720 7880
6320 6780
9680 4040
4360 5120
2020 3760
2340 3460
880 4220
1080 4340
5660 8960
5880 5040
8340 5120
9160 820
5740 4660
4000 3100
9060 4400
820 4240
8500 4020
4000 6440
1720 3820
7680 3520
8900 4380
800 4560
6920 4860
4640 6960
4900 780
2960 5480
2520 1120
4540 2820
4960 7300
8460 1640
8780 4700
4000 9980
5800 4280
4900 6200
220 960
5680 8660
6140 6060
2660 5240
7860 6340
6340 7880
6980 7720
1500 1920
7460 3940
5020 3300
9040 3940
4460 8660
4300 1900
6780 6300
4020 3260
9600 4040
6820 6760
1460 4420
7340 3560
6880 5240
7640 8420
7620 3460
8740 900
7120 8880
6900 8620
4880 3960
3280 880
6980 3920
4600 1920
4240 1220
5000 5380
5560 1660
5300 7180
8860 1500
4040 3580
6720 4780
8920 940
4040 9600
4080 5000
4660 9580
4440 5000
6320 5200
5860 4820
4820 2720
5460 9320
6900 7900
4260 1920
420 960
7800 520
2400 3720
4380 4760
5260 700
4220 4040
4740 9620
7360 7620
5040 4800
360 1200
920 1400
5060 9020
6140 4980
4280 7860
1520 1540
3640 1500
4060 4540
5880 8740
6620 8740
4540 8640
6500 7720
7360 8240
4120 4280
3620 5500
3620 5700
4720 4800
8860 4960
4600 3480
6220 8960
4960 6900
8400 620
3440 580
4040 9120
5480 2900
7220 3260
2020 1400
6140 6360
5140 7580
6620 7300
4260 6960
4380 5480
6840 8520
9240 3920
6740 5960
7760 8020
6480 6980
940 4680
540 2000
5160 3120
2660 1440
6960 6060
9240 4680
4240 8380
6520 9260
8140 4360
5080 4920
4360 8640
5300 3560
1020 3940
7320 8700
3840 1460
9920 4740
4040 3600
7240 5920
5180 6720
4780 4380
7680 8100
4660 8160
980 4080
4340 3160
6500 5360
5040 5520
2380 1580
3360 5520
4720 9260
3120 3780
5960 940
2080 1380
5160 6140
5040 3140
5120 7160
4380 7980
5060 8320
6880 1480
4680 7340
5460 4260
5500 6320
2840 3620
4900 6280
2580 1040
7820 1340
6360 4580
7440 6120
8560 5020
4720 8980
3860 4000
6040 8840
8180 780
7700 1560
7300 3780
4040 6080
4000 4160
2000 620
4680 6920
5940 3360
4020 4500
680 1100
5460 4500
6400 8160
6060 780
6760 3600
7640 7200
3320 3700
8940 4060
5360 9220
6300 7380
9480 4200
4640 4300
7180 8800
7920 7340
4980 6880
4900 5840
4540 6360
7080 4800
8580 3940
980 3880
5920 8860
1460 3900
4800 6540
3840 5520
5860 4280
3880 5880
7320 8680
6460 6000
5340 1160
6720 7100
6020 4540
6820 5800
4000 9860
8940 4280
5820 9080
820 1920
6480 7960
3340 5000
400 1460
9600 4620
4280 9180
9140 4000
3320 80
6480 4400
2860 5420
4960 4160
380 1880
6260 8580
4280 5580
2160 4660
5020 4560
6060 4300
7200 8360
9160 4320
3840 5320
4940 2840
5320 6780
8980 4260
6020 1440
6920 7500
6040 1220
8880 5260
5320 7420
4600 6960
4700 2960
3840 1580
7540 7540
4440 5180
4700 640
5200 4740
5820 4920
4400 600
2700 3720
1520 4380
6620 7820
5220 8440
5280 9380
4500 7360
7200 3320
2020 4720
7280 8780
9480 4340
3140 5260
1420 4600
360 680
4100 5500
7080 6060
2480 4820
8240 5100
7060 6600
6640 8960
4680 700
7500 8680
7140 8240
9680 4880
5240 3480
7480 5000
4840 7760
4840 6480
6180 6280
5760 2600
6760 8460
7140 7040
5200 5260
8800 4640
6220 7200
1960 4400
10060 1280
4200 4920
7740 1820
240 1360
4080 6120
6360 7940
2640 4500
6380 9260
5340 6500
5860 4980
4840 8340
6900 6060
2520 3680
4200 8260
4140 5920
4300 6120
6560 4460
1200 4520
4080 6560
3980 7800
7160 1460
10420 680
6140 5100
8800 580
7200 7660
4540 7120
4920 5120
5340 8460
6220 600
3680 3780
6540 8680
3320 4940
5960 1320
5440 1540
5420 6620
3140 3600
2040 4480
4560 3340
7640 6220
3080 4840
5420 2660
2020 1320
4660 1920
4600 5160
4620 3300
5860 1220
660 1280
6940 4800
9080 5060
5160 3540
5260 4740
4240 8340
5400 8280
4820 2020
5180 2700
5940 4880
7000 3260
2660 1000
6380 3360
7520 8460
7660 6160
5140 6040
5380 7180
1100 4440
8720 1660
7480 3780
5840 4880
10000 1520
420 1840
3080 1440
6560 5760
6680 9080
4240 7680
8160 3960
580 4320
4880 5260
5360 9180
3860 1460
7080 8200
3960 5160
9340 1380
7220 6040
5920 1460
4200 4940
1440 580
3200 5360
9400 4800
4280 1380
9720 4000
6260 3360
6820 8680
4220 5800
2460 4460
10100 740
2260 540
7460 6020
4740 4540
7580 7640
7580 6680
6740 3620
2240 700
5620 4240
6160 3420
2860 3920
6660 5300
6180 5020
6520 7900
1220 4040
1000 4120
3620 1160
4360 6200
5240 8960
4760 6360
5280 6920
5300 2880
7320 7080
10120 840
4940 9300
5020 6520
5400 1520
1020 4420
2240 620
4980 5800
10000 1540
5980 1500
5860 4360
4320 9260
6400 4680
8720 3980
7620 580
4580 6100
2980 5480
8260 4400
2920 5500
4940 7340
2680 4960
6300 8560
5280 8640
3000 3660
4420 5460
4320 9020
5700 4980
4420 8160
8340 4480
4060 4300
2780 3960
7120 6420
6600 8440
960 4460
5640 8700
5000 8320
5340 2640
4660 1100
7740 7500
7000 6780
1080 1760
4540 4360
4660 3740
2340 1500
4120 6020
6800 3640
4900 3400
1620 5080
7560 6580
6040 3360
4880 6880
4140 9600
5240 8280
4660 9460
6580 6620
4380 2900
1220 4740
6220 6700
3200 5380
7680 5160
8900 5260
7640 720
6960 1840
5500 3220
7840 3400
6100 8760
5240 1280
5380 9480
9740 1540
1520 3660
6660 1300
5980 4360
5180 1540
4120 3620
6980 3800
4920 9240
6360 9020
7520 7000
4940 3520
5320 8180
4360 4860
4780 6880
7660 1580
5380 1420
6640 5920
8100 4260
4760 4560
4800 7540
4740 8620
5400 4060
7920 3520
7340 620
900 1900
8980 1120
4000 3480
6520 7600
4520 1920
4140 3700
4680 8540
3760 1540
4900 2700
7540 4140
4200 8680
2100 1280
2820 5220
6760 7280
8880 4160
3980 3760
8400 4380
5640 9080
2720 1040
3060 1520
10000 4300
6460 8160
7480 3980
9760 4600
5840 8760
7620 6860
4460 2960
8200 1460
6480 8520
4160 9940
10100 840
9880 820
4340 7360
5400 6140
4860 8840
4820 6580
4020 9360
440 580
7620 6740
4900 7720
5680 8840
6860 3260
7500 7340
2560 1140
7500 8620
9060 4320
7140 1800
6380 3500
6040 4780
8920 3900
4240 9740
3280 40
6960 6660
7960 7060
6560 620
5180 2880
5560 2520
9360 1000
9640 4420
8920 3780
5660 8680
5000 4220
3940 5620
5520 4600
4120 6740
4900 8840
1560 4780
5320 7660
7800 4940
6380 8840
5300 4440
4600 9000
6100 2940
5240 1120
8880 780
8840 4300
6220 8280
6560 4560
4500 3880
2600 940
3800 1300
780 3920
4400 7540
9620 4500
4340 3440
6620 6060
2420 3900
8080 4980
6700 1100
9360 4720
4320 1520
1720 4920
8920 1180
6900 7300
1940 4160
5180 8660
4500 6420
5380 920
2260 1480
6060 4880
9780 4300
6660 6940
4500 9200
4680 8520
7060 1120
4440 6600
6860 5060
3980 3680
5420 4880
4800 980
6480 6140
8960 980
7100 3440
4500 6640
5540 6700
4180 700
4120 3320
5360 8940
7360 1520
4100 660
4040 3080
7900 3940
6520 780
3560 5760
4800 8220
4920 5540
5080 6600
7720 8180
5620 1700
6640 4680
5280 8220
1920 1420
7980 5140
9760 4580
340 920
5040 5900
6860 5020
3520 5640
4260 7400
6980 8300
4960 7660
7040 1780
4280 8820
3980 8140
3940 5700
6980 3280
4540 7240
680 4280
6460 5060
7080 5100
3280 720
9900 940
7680 3740
7540 6380
7040 1000
4280 9440
1020 1880
7180 4880
6900 7060
2800 5200
7680 800
6200 2820
7600 8040
5580 9240
9460 4400
2040 3440
9880 4660
5500 2940
3360 1000
600 4360
6160 8400
1840 1280
8020 3980
6620 8420
5700 1680
9960 1300
6260 7240
7220 1580
4620 7540
3400 5340
6500 600
6400 6460
1940 3720
2100 1500
5520 8020
6000 3340
8280 3980
5100 8420
7160 840
4520 9580
5340 7760
2340 5280
300 560
6240 8480
8580 4020
6200 6980
4940 7840
6940 8460
2540 1120
4760 9460
6480 900
6340 7680
3480 1100
4060 7080
800 4740
6540 3120
9520 4900
6880 6960
5720 2740
7380 7280
1100 1880
1280 4740
5140 5040
4120 5200
8380 4020
4240 2960
3280 3380
5060 9060
1540 1720
4660 8720
5120 2920
3120 1040
5360 6180
5000 2720
2340 1480
9240 720
8340 4800
4900 6780
5500 6280
4680 1900
9100 4660
6840 3000
4020 4760
10080 1000
8260 5220
1380 1600
2740 5320
7040 4860
9540 5000
3260 5180
2600 520
7740 6320
6140 8660
1540 4540
9580 4100
4800 9240
780 4100
5260 820
4700 8600
8520 5200
5780 3080
5140 3040
5720 3440
9000 4740
6320 3740
4120 4900
5780 3500
1640 1720
1400 900
5840 4360
7160 660
7080 1560
1980 3840
3180 5240
6820 5820
5660 8900
6900 4500
7460 7540
3860 3580
5160 2880
5120 5440
5480 6660
4880 4040
4300 5500
6240 3120
4880 8040
940 1540
5760 1160
8160 1000
4800 6280
4760 4880
7360 7820
7600 3300
7460 3840
4260 7860
7340 6400
5000 5000
8700 1540
3680 5200
6820 6280
6840 7440
4920 8160
1620 540
1160 4900
4500 4900
6140 6920
5360 7080
4240 3580
4220 8980
6580 7460
3060 4840
1240 4520
6240 4880
1900 4320
4620 4500
4280 9560
3960 1600
5080 6920
7200 4880
6460 5900
4580 2800
2800 5360
4280 5340
2360 3940
6520 1240
7220 1600
6880 7780
9380 4520
5480 680
6620 4480
9800 4760
1360 4700
3660 5140
4580 3360
5840 3440
5580 4300
9380 1660
6160 5020
7200 5780
8180 1460
6280 8580
8320 3740
6120 9040
6440 9020
3980 5720
2700 5460
5300 3940
2820 4960
6300 6120
4460 4880
4420 8380
2720 1680
6820 6880
3880 5680
700 4660
8620 4440
6800 7300
2880 3640
400 740
1460 1640
3320 240
6620 7160
7640 5120
1360 800
6800 5120
4940 7500
6880 3920
5980 1280
7880 6700
5480 8620
5080 7020
4920 8260
4340 8180
4100 3680
4160 9280
9560 4940
6140 2800
6300 5980
5020 8480
5380 2600
6580 3560
4700 5100
4720 1380
5080 8640
8220 3840
2220 520
4100 6780
6920 8580
8180 4960
4640 8600
5300 2600
6160 4260
7000 6480
3080 1480
6660 880
6460 5740
4020 8180
5320 8260
8800 1240
4360 9360
6080 9160
640 1100
10120 940
8840 1240
5400 3660
10480 780
5420 3880
4400 4720
8760 5120
1540 1240
880 3880
7740 6400
3680 4940
4800 2880
4440 3380
5740 2960
6220 2840
1860 4220
9880 4320
9940 1380
7380 6980
3500 3540
3320 4960
6460 1240
4540 7160
4180 9860
6700 7060
6560 8980
4200 1460
4680 9360
2160 5140
5200 6580
9940 4560
4000 4920
6920 840
5700 4300
6240 2860
6160 3060
5220 5560
6420 7200
2540 5180
5860 9080
8560 4580
8620 4240
5280 2780
1740 5020
7660 800
7500 8360
2440 3400
7860 7120
4120 7040
6180 3020
2820 3920
5860 3360
7520 7440
2740 540
7960 7140
1040 4520
7880 1940
6380 8000
4140 6120
2340 4500
4120 9540
8800 1380
5500 2700
4460 1440
3260 5000
5100 8460
2780 4660
6460 3260
5880 3500
4700 9540
3600 920
6700 3280
5360 2900
7340 5000
6420 8580
5600 9180
5360 5000
7120 5080
6960 3020
820 1240
4620 7340
3720 3720
4420 3640
4500 6180
6560 7980
5300 3300
6180 5880
4980 6720
7520 7920
1920 1380
280 580
6340 7080
4020 5340
4260 6000
5260 7740
7620 8160
7400 6680
7040 1300
3260 4180
7700 940
4880 8600
4560 8080
6620 6160
6860 6160
6720 6480
6940 1120
4320 6480
8440 4380
2240 4540
7440 8560
6580 1660
2780 4960
4360 4520
7460 5200
500 1580
7080 3120
3840 3820
5300 4700
9520 4440
6140 6440
1140 4000
5080 5000
1160 4340
5120 3840
6340 3560
2260 4480
6980 620
1380 1540
1520 1060
2760 5380
6220 3420
2460 5080
4900 6920
3700 3680
4920 7480
5440 7320
4640 9680
1040 4280
6820 3340
9040 3860
9460 3960
1820 4180
7360 4900
2340 1680
8080 3500
1860 5080
7160 8200
7680 7700
1420 1360
6240 3020
1380 4440
2000 5180
5020 6600
9300 4200
4580 2840
5520 3820
4320 8540
2080 3540
6300 6840
2760 5440
7820 6280
4900 6060
3480 5200
7920 4900
1780 4840
1580 800
8800 800
8300 4940
7660 6620
9520 4820
6980 6260
360 1060
4080 4200
4440 7260
4540 9080
6860 6560
7040 1240
4600 5500
6960 3360
4720 4880
4500 7060
4280 8200
4940 3020
2280 4820
6740 2940
2620 1300
5880 1460
6820 3180
8080 5100
5680 3200
4860 5060
5460 2680
3920 5580
7380 5140
6640 4740
4680 3960
5360 1120
2500 4880
9880 1360
10040 1280
5520 9360
820 4680
520 1220
6420 9060
5060 4000
1920 4980
7000 5220
4340 9020
6100 3400
4720 8340
4020 8320
5880 1300
7380 3340
5180 7960
3700 980
6900 1120
4520 3140
4680 940
480 620
4180 9160
4720 3800
4100 5780
4080 3560
7720 4000
3160 1180
9880 660
6000 3480
7520 6820
6920 3760
5060 7720
7680 6080
5440 7760
1760 3600
300 1620
6300 9080
2540 1700
6160 6480
4100 4780
8100 3900
1640 4480
3720 1280
2960 5080
7440 6460
4060 6840
1640 4540
2020 4360
6600 3320
4440 5740
5020 7440
9540 4980
3040 4920
7560 4740
7280 640
7800 540
5260 4460
1040 1520
1420 1880
3060 3620
1660 560
4800 5240
7660 980
9320 600
6640 7120
6580 6400
4120 8700
1240 4560
6580 7420
9540 4540
8540 1600
1740 5140
2820 4020
6100 5060
6160 3020
6180 8100
3820 4360
7100 780
2380 5060
4040 8200
6040 3580
6100 3300
4480 1900
740 4680
5540 7460
5520 7380
4620 6560
4460 3660
1400 4500
5720 4240
4500 7960
5840 1000
10360 860
1820 5020
5460 8960
6380 5980
8900 4420
5520 4100
4500 4300
6340 8180
9200 620
7680 1860
4900 3240
2240 3580
4220 9760
4460 3920
1380 540
9960 720
5760 4260
4680 2980
1600 800
820 1940
6320 7340
8860 5160
7300 8340
7040 8780
4200 1520
5100 3960
6800 9060
4140 7220
4140 6240
9360 680
6040 8680
2460 4920
5140 4180
4960 7260
6640 3440
1900 3700
2520 5320
6180 3240
9340 4160
5480 4560
3880 5200
4940 5520
5120 9580
4720 8660
5020 3920
7040 7000
3100 1640
4180 6000
3260 3540
5120 1040
6800 8700
4080 4080
6520 5020
8480 4200
7140 3600
6560 8800
5100 9020
5360 4080
6020 1060
5480 3380
5860 8980
1520 1740
7520 3380
380 1100
6360 2960
4680 6800
9220 820
8240 860
5860 3080
6920 7640
2520 1400
5180 7280
2320 3680
7200 8100
5300 6520
4100 5520
7440 6240
6160 8240
8740 4800
6460 4740
2620 5260
6080 3180
6160 3440
3280 5460
8440 5200
7380 3480
4840 3540
6980 8680
5600 4300
8160 3500
2320 3480
7400 7020
1380 4820
1740 4900
6020 3240
6560 860
8860 1280
5220 1560
5940 2820
4280 7460
5440 3020
5260 9600
6320 4560
5920 4960
5560 7440
4060 7040
5200 1540
4400 8620
2600 1280
5040 9060
8580 1640
7320 5860
6600 7440
4660 3840
7800 7940
5620 3380
7820 7280
8440 4440
10300 680
5420 7300
4320 1680
6000 9340
6260 5060
4160 4940
5700 4460
4000 7580
1940 900
6760 6560
